V,B,W_B,C_B,C,W,P,t
98.0,1.0,0.0,0.0,1.0,0.0,0.0,0.0
97.0,2.0,0.0,0.0,1.0,0.0,0.0,0.032548895009869676
96.0,3.0,0.0,0.0,1.0,0.0,0.0,0.0368039131352586
95.0,4.0,0.0,0.0,1.0,0.0,0.0,0.03723575005526459
94.0,5.0,0.0,0.0,1.0,0.0,0.0,0.03837222403034125
93.0,6.0,0.0,0.0,1.0,0.0,0.0,0.04261812805824872
92.0,7.0,0.0,0.0,1.0,0.0,0.0,0.042762405850415686
91.0,8.0,0.0,0.0,1.0,0.0,0.0,0.04560599931981909
90.0,9.0,0.0,0.0,1.0,0.0,0.0,0.04588246317976211
89.0,10.0,0.0,0.0,1.0,0.0,0.0,0.04611511655211385
88.0,11.0,0.0,0.0,1.0,0.0,0.0,0.04683304918313991
87.0,12.0,0.0,0.0,1.0,0.0,0.0,0.04995253407404499
86.0,13.0,0.0,0.0,1.0,0.0,0.0,0.05195124750928989
85.0,14.0,0.0,0.0,1.0,0.0,0.0,0.05242319571883137
84.0,15.0,0.0,0.0,1.0,0.0,0.0,0.05292557956112243
83.0,16.0,0.0,0.0,1.0,0.0,0.0,0.053232264680141264
82.0,17.0,0.0,0.0,1.0,0.0,0.0,0.05357029884565596
81.0,18.0,0.0,0.0,1.0,0.0,0.0,0.05404484610093887
80.0,19.0,0.0,0.0,1.0,0.0,0.0,0.05522754963232086
79.0,20.0,0.0,0.0,1.0,0.0,0.0,0.055456662332551636
78.0,21.0,0.0,0.0,1.0,0.0,0.0,0.05587403660981649
77.0,22.0,0.0,0.0,1.0,0.0,0.0,0.05596528445952879
76.0,23.0,0.0,0.0,1.0,0.0,0.0,0.05600370177056893
75.0,24.0,0.0,0.0,1.0,0.0,0.0,0.05624234776778393
74.0,25.0,0.0,0.0,1.0,0.0,0.0,0.056275241438747584
73.0,26.0,0.0,0.0,1.0,0.0,0.0,0.05738169687628746
72.0,27.0,0.0,0.0,1.0,0.0,0.0,0.05790093031025671
71.0,28.0,0.0,0.0,1.0,0.0,0.0,0.05814791640724677
70.0,29.0,0.0,0.0,1.0,0.0,0.0,0.05957228007741395
69.0,30.0,0.0,0.0,1.0,0.0,0.0,0.06011852164717274
68.0,31.0,0.0,0.0,1.0,0.0,0.0,0.06035321269861461
67.0,32.0,0.0,0.0,1.0,0.0,0.0,0.06040251161554617
66.0,33.0,0.0,0.0,1.0,0.0,0.0,0.060630658873284726
65.0,34.0,0.0,0.0,1.0,0.0,0.0,0.06117753120604966
64.0,35.0,0.0,0.0,1.0,0.0,0.0,0.06184295992100481
63.0,36.0,0.0,0.0,1.0,0.0,0.0,0.062431400560903634
62.0,37.0,0.0,0.0,1.0,0.0,0.0,0.06270907824898433
61.0,38.0,0.0,0.0,1.0,0.0,0.0,0.06282494286995083
60.0,39.0,0.0,0.0,1.0,0.0,0.0,0.06299420613711704
59.0,40.0,0.0,0.0,1.0,0.0,0.0,0.06317158709156256
58.0,41.0,0.0,0.0,1.0,0.0,0.0,0.06345512335732831
57.0,42.0,0.0,0.0,1.0,0.0,0.0,0.06366204857245333
56.0,43.0,0.0,0.0,1.0,0.0,0.0,0.06372550303790439
56.0,43.0,0.0,1.0,0.0,0.0,0.0,0.06382644048864733
55.0,44.0,0.0,1.0,0.0,0.0,0.0,0.06402556047447792
54.0,45.0,0.0,1.0,0.0,0.0,0.0,0.06492604576874905
53.0,46.0,0.0,1.0,0.0,0.0,0.0,0.06535725548727549
52.0,47.0,0.0,1.0,0.0,0.0,0.0,0.06606343035432145
51.0,48.0,0.0,1.0,0.0,0.0,0.0,0.06627287323203908
50.0,49.0,0.0,1.0,0.0,0.0,0.0,0.066348423438388
49.0,50.0,0.0,1.0,0.0,0.0,0.0,0.06647825310516553
48.0,51.0,0.0,1.0,0.0,0.0,0.0,0.066554283587095
47.0,52.0,0.0,1.0,0.0,0.0,0.0,0.06853444576042508
46.0,53.0,0.0,1.0,0.0,0.0,0.0,0.068611837858908
45.0,54.0,0.0,1.0,0.0,0.0,0.0,0.06913348724709041
44.0,55.0,0.0,1.0,0.0,0.0,0.0,0.0693510133859934
43.0,56.0,0.0,1.0,0.0,0.0,0.0,0.06937105055890373
42.0,57.0,0.0,1.0,0.0,0.0,0.0,0.0695991693529368
41.0,58.0,0.0,1.0,0.0,0.0,0.0,0.06989569879321368
40.0,59.0,0.0,1.0,0.0,0.0,0.0,0.06995686346680124
39.0,60.0,0.0,1.0,0.0,0.0,0.0,0.07091119398237657
38.0,61.0,0.0,1.0,0.0,0.0,0.0,0.07162246042324205
37.0,62.0,0.0,1.0,0.0,0.0,0.0,0.07191592581802436
36.0,63.0,0.0,1.0,0.0,0.0,0.0,0.0721589127566418
35.0,64.0,0.0,1.0,0.0,0.0,0.0,0.07224031653434274
34.0,65.0,0.0,1.0,0.0,0.0,0.0,0.07234570340750796
33.0,66.0,0.0,1.0,0.0,0.0,0.0,0.07236016303021427
32.0,67.0,0.0,1.0,0.0,0.0,0.0,0.07249560165948525
31.0,68.0,0.0,1.0,0.0,0.0,0.0,0.0726701194573004
30.0,69.0,0.0,1.0,0.0,0.0,0.0,0.07274523374798948
29.0,70.0,0.0,1.0,0.0,0.0,0.0,0.07301732261860709
28.0,71.0,0.0,1.0,0.0,0.0,0.0,0.07310908726356828
27.0,72.0,0.0,1.0,0.0,0.0,0.0,0.07501997282856832
26.0,73.0,0.0,1.0,0.0,0.0,0.0,0.07503166822771454
25.0,74.0,0.0,1.0,0.0,0.0,0.0,0.07534386777949993
24.0,75.0,0.0,1.0,0.0,0.0,0.0,0.07559784696559513
23.0,76.0,0.0,1.0,0.0,0.0,0.0,0.07568704928342616
22.0,77.0,0.0,1.0,0.0,0.0,0.0,0.07600567706988
21.0,78.0,0.0,1.0,0.0,0.0,0.0,0.07611553894210986
20.0,79.0,0.0,1.0,0.0,0.0,0.0,0.07613635485207755
19.0,80.0,0.0,1.0,0.0,0.0,0.0,0.0771213281601858
18.0,81.0,0.0,1.0,0.0,0.0,0.0,0.07723436481963768
17.0,82.0,0.0,1.0,0.0,0.0,0.0,0.07763401872164916
16.0,83.0,0.0,1.0,0.0,0.0,0.0,0.07933644957956718
15.0,84.0,0.0,1.0,0.0,0.0,0.0,0.07938939426257142
14.0,85.0,0.0,1.0,0.0,0.0,0.0,0.07997713898604901
13.0,86.0,0.0,1.0,0.0,0.0,0.0,0.08031309780830238
12.0,87.0,0.0,1.0,0.0,0.0,0.0,0.08079469190501264
11.0,88.0,0.0,1.0,0.0,0.0,0.0,0.08085188899976639
10.0,89.0,0.0,1.0,0.0,0.0,0.0,0.08115165130791252
9.0,90.0,0.0,1.0,0.0,0.0,0.0,0.08196705690809168
8.0,91.0,0.0,1.0,0.0,0.0,0.0,0.08309971449289306
7.0,92.0,0.0,1.0,0.0,0.0,0.0,0.08316740851363577
6.0,93.0,0.0,1.0,0.0,0.0,0.0,0.08402758289442518
5.0,94.0,0.0,1.0,0.0,0.0,0.0,0.08845569548980532
4.0,95.0,0.0,1.0,0.0,0.0,0.0,0.08903793000630511
3.0,96.0,0.0,1.0,0.0,0.0,0.0,0.09110962897948431
2.0,97.0,0.0,1.0,0.0,0.0,0.0,0.09180297329626852
1.0,98.0,0.0,1.0,0.0,0.0,0.0,0.09575777726456569
0.0,99.0,0.0,1.0,0.0,0.0,0.0,0.09798323093509831
0.0,99.0,0.0,0.0,0.0,0.0,1.0,0.41044509929378326
