V,B,W_B,C_B,C,W,P,t
98.0,1.0,0.0,0.0,1.0,0.0,0.0,0.0
97.0,2.0,0.0,0.0,1.0,0.0,0.0,0.002896786519353509
96.0,3.0,0.0,0.0,1.0,0.0,0.0,0.004224111541833409
95.0,4.0,0.0,0.0,1.0,0.0,0.0,0.009131155649249646
94.0,5.0,0.0,0.0,1.0,0.0,0.0,0.014729118919831273
93.0,6.0,0.0,0.0,1.0,0.0,0.0,0.015322698557253876
92.0,7.0,0.0,0.0,1.0,0.0,0.0,0.023955631041779592
91.0,8.0,0.0,0.0,1.0,0.0,0.0,0.02668171281951445
90.0,9.0,0.0,0.0,1.0,0.0,0.0,0.027482907863161245
89.0,10.0,0.0,0.0,1.0,0.0,0.0,0.02807078621808937
88.0,11.0,0.0,0.0,1.0,0.0,0.0,0.028107409186077025
87.0,12.0,0.0,0.0,1.0,0.0,0.0,0.028285845210416764
86.0,13.0,0.0,0.0,1.0,0.0,0.0,0.029008320418457783
85.0,14.0,0.0,0.0,1.0,0.0,0.0,0.02944592977042799
84.0,15.0,0.0,0.0,1.0,0.0,0.0,0.031405571809157616
83.0,16.0,0.0,0.0,1.0,0.0,0.0,0.03147330225792434
82.0,17.0,0.0,0.0,1.0,0.0,0.0,0.0318165314416986
81.0,18.0,0.0,0.0,1.0,0.0,0.0,0.03297197338763877
80.0,19.0,0.0,0.0,1.0,0.0,0.0,0.0339253794243754
79.0,20.0,0.0,0.0,1.0,0.0,0.0,0.034402402216706394
78.0,21.0,0.0,0.0,1.0,0.0,0.0,0.034623010572714004
77.0,22.0,0.0,0.0,1.0,0.0,0.0,0.03506636494575478
76.0,23.0,0.0,0.0,1.0,0.0,0.0,0.035611754418917736
75.0,24.0,0.0,0.0,1.0,0.0,0.0,0.03656185926492084
74.0,25.0,0.0,0.0,1.0,0.0,0.0,0.03657592495387547
73.0,26.0,0.0,0.0,1.0,0.0,0.0,0.03675199355795427
72.0,27.0,0.0,0.0,1.0,0.0,0.0,0.03683376015551328
71.0,28.0,0.0,0.0,1.0,0.0,0.0,0.0370533493058401
70.0,29.0,0.0,0.0,1.0,0.0,0.0,0.03758307678989685
69.0,30.0,0.0,0.0,1.0,0.0,0.0,0.03810983071289342
68.0,31.0,0.0,0.0,1.0,0.0,0.0,0.038182549675613416
67.0,32.0,0.0,0.0,1.0,0.0,0.0,0.04038529142726207
66.0,33.0,0.0,0.0,1.0,0.0,0.0,0.04038535769434434
65.0,34.0,0.0,0.0,1.0,0.0,0.0,0.04041472669849406
64.0,35.0,0.0,0.0,1.0,0.0,0.0,0.04086469718112277
63.0,36.0,0.0,0.0,1.0,0.0,0.0,0.041121162524986724
62.0,37.0,0.0,0.0,1.0,0.0,0.0,0.04148552778001567
61.0,38.0,0.0,0.0,1.0,0.0,0.0,0.04194564877864182
60.0,39.0,0.0,0.0,1.0,0.0,0.0,0.041952929411942674
59.0,40.0,0.0,0.0,1.0,0.0,0.0,0.04213449965770716
58.0,41.0,0.0,0.0,1.0,0.0,0.0,0.04243796152372515
57.0,42.0,0.0,0.0,1.0,0.0,0.0,0.042802794350268604
56.0,43.0,0.0,0.0,1.0,0.0,0.0,0.04318749187636199
55.0,44.0,0.0,0.0,1.0,0.0,0.0,0.04344204864607867
54.0,45.0,0.0,0.0,1.0,0.0,0.0,0.04432788231757733
53.0,46.0,0.0,0.0,1.0,0.0,0.0,0.045241040371262094
52.0,47.0,0.0,0.0,1.0,0.0,0.0,0.045567662519822104
51.0,48.0,0.0,0.0,1.0,0.0,0.0,0.04580038242828291
50.0,49.0,0.0,0.0,1.0,0.0,0.0,0.04632078408119013
50.0,49.0,0.0,1.0,0.0,0.0,0.0,0.04659598206315174
49.0,50.0,0.0,1.0,0.0,0.0,0.0,0.04707945373358999
48.0,51.0,0.0,1.0,0.0,0.0,0.0,0.04721829965260187
47.0,52.0,0.0,1.0,0.0,0.0,0.0,0.04781944244535105
46.0,53.0,0.0,1.0,0.0,0.0,0.0,0.04788375749531273
45.0,54.0,0.0,1.0,0.0,0.0,0.0,0.04828380433972774
44.0,55.0,0.0,1.0,0.0,0.0,0.0,0.048287164992259615
43.0,56.0,0.0,1.0,0.0,0.0,0.0,0.04839907128761117
42.0,57.0,0.0,1.0,0.0,0.0,0.0,0.04858615378681735
41.0,58.0,0.0,1.0,0.0,0.0,0.0,0.04874692445918846
40.0,59.0,0.0,1.0,0.0,0.0,0.0,0.048985707634416946
39.0,60.0,0.0,1.0,0.0,0.0,0.0,0.05002046805455319
38.0,61.0,0.0,1.0,0.0,0.0,0.0,0.05151635764535781
37.0,62.0,0.0,1.0,0.0,0.0,0.0,0.05181517899879153
36.0,63.0,0.0,1.0,0.0,0.0,0.0,0.052122090075890734
35.0,64.0,0.0,1.0,0.0,0.0,0.0,0.05248454043259688
34.0,65.0,0.0,1.0,0.0,0.0,0.0,0.05361660902230451
33.0,66.0,0.0,1.0,0.0,0.0,0.0,0.053932257726175825
32.0,67.0,0.0,1.0,0.0,0.0,0.0,0.05404529506744171
31.0,68.0,0.0,1.0,0.0,0.0,0.0,0.05567864605499398
30.0,69.0,0.0,1.0,0.0,0.0,0.0,0.05608273783103203
29.0,70.0,0.0,1.0,0.0,0.0,0.0,0.056246307576161794
28.0,71.0,0.0,1.0,0.0,0.0,0.0,0.05654789238444936
27.0,72.0,0.0,1.0,0.0,0.0,0.0,0.05742697117131766
26.0,73.0,0.0,1.0,0.0,0.0,0.0,0.05778199137845337
25.0,74.0,0.0,1.0,0.0,0.0,0.0,0.05804740397959567
24.0,75.0,0.0,1.0,0.0,0.0,0.0,0.05822750048197141
23.0,76.0,0.0,1.0,0.0,0.0,0.0,0.058514641295601
22.0,77.0,0.0,1.0,0.0,0.0,0.0,0.05965906496899534
21.0,78.0,0.0,1.0,0.0,0.0,0.0,0.05981613486500676
20.0,79.0,0.0,1.0,0.0,0.0,0.0,0.06046550686011038
19.0,80.0,0.0,1.0,0.0,0.0,0.0,0.06083715721683441
18.0,81.0,0.0,1.0,0.0,0.0,0.0,0.06170387295512012
17.0,82.0,0.0,1.0,0.0,0.0,0.0,0.06173112061679153
16.0,83.0,0.0,1.0,0.0,0.0,0.0,0.061957392681006675
15.0,84.0,0.0,1.0,0.0,0.0,0.0,0.061984174510089654
14.0,85.0,0.0,1.0,0.0,0.0,0.0,0.062418174303541206
13.0,86.0,0.0,1.0,0.0,0.0,0.0,0.06310856251655234
12.0,87.0,0.0,1.0,0.0,0.0,0.0,0.06497807639455239
11.0,88.0,0.0,1.0,0.0,0.0,0.0,0.06830385086795185
10.0,89.0,0.0,1.0,0.0,0.0,0.0,0.06876866030825025
9.0,90.0,0.0,1.0,0.0,0.0,0.0,0.06978342538381761
8.0,91.0,0.0,1.0,0.0,0.0,0.0,0.07153161722952973
7.0,92.0,0.0,1.0,0.0,0.0,0.0,0.07338876739556387
6.0,93.0,0.0,1.0,0.0,0.0,0.0,0.07402107530391022
5.0,94.0,0.0,1.0,0.0,0.0,0.0,0.07417918662852799
4.0,95.0,0.0,1.0,0.0,0.0,0.0,0.07678856219609927
3.0,96.0,0.0,1.0,0.0,0.0,0.0,0.07691336010799935
2.0,97.0,0.0,1.0,0.0,0.0,0.0,0.08571004288181149
1.0,98.0,0.0,1.0,0.0,0.0,0.0,0.08582163034642713
0.0,99.0,0.0,1.0,0.0,0.0,0.0,0.09028539401625615
0.0,99.0,0.0,0.0,0.0,0.0,1.0,0.38760528166543196
