V,B,W_B,C_B,C,W,P,t
98.0,1.0,0.0,0.0,1.0,0.0,0.0,0.0
97.0,2.0,0.0,0.0,1.0,0.0,0.0,0.002110434885052098
96.0,3.0,0.0,0.0,1.0,0.0,0.0,0.008234473273856398
95.0,4.0,0.0,0.0,1.0,0.0,0.0,0.011985241668157533
94.0,5.0,0.0,0.0,1.0,0.0,0.0,0.014020874737962557
93.0,6.0,0.0,0.0,1.0,0.0,0.0,0.014421899635864394
92.0,7.0,0.0,0.0,1.0,0.0,0.0,0.01647451808394251
91.0,8.0,0.0,0.0,1.0,0.0,0.0,0.01687638934616775
90.0,9.0,0.0,0.0,1.0,0.0,0.0,0.019771746978202893
89.0,10.0,0.0,0.0,1.0,0.0,0.0,0.020490878002573463
88.0,11.0,0.0,0.0,1.0,0.0,0.0,0.02111261186720696
88.0,11.0,0.0,1.0,0.0,0.0,0.0,0.025611766330726017
87.0,12.0,0.0,1.0,0.0,0.0,0.0,0.025952082015158716
86.0,13.0,0.0,1.0,0.0,0.0,0.0,0.02604327376566069
85.0,14.0,0.0,1.0,0.0,0.0,0.0,0.026098136850470473
84.0,15.0,0.0,1.0,0.0,0.0,0.0,0.026782603429694702
83.0,16.0,0.0,1.0,0.0,0.0,0.0,0.027176839014628296
82.0,17.0,0.0,1.0,0.0,0.0,0.0,0.02747845385451433
81.0,18.0,0.0,1.0,0.0,0.0,0.0,0.028586860292342947
80.0,19.0,0.0,1.0,0.0,0.0,0.0,0.029110041508984674
79.0,20.0,0.0,1.0,0.0,0.0,0.0,0.02923790654513846
78.0,21.0,0.0,1.0,0.0,0.0,0.0,0.030039955757483257
77.0,22.0,0.0,1.0,0.0,0.0,0.0,0.030361874098618492
76.0,23.0,0.0,1.0,0.0,0.0,0.0,0.03119259876211344
75.0,24.0,0.0,1.0,0.0,0.0,0.0,0.03185711175413248
74.0,25.0,0.0,1.0,0.0,0.0,0.0,0.03210141418027241
73.0,26.0,0.0,1.0,0.0,0.0,0.0,0.03288943136665756
72.0,27.0,0.0,1.0,0.0,0.0,0.0,0.033281872137299766
71.0,28.0,0.0,1.0,0.0,0.0,0.0,0.033492003746499834
70.0,29.0,0.0,1.0,0.0,0.0,0.0,0.03381829314171919
69.0,30.0,0.0,1.0,0.0,0.0,0.0,0.034014324206374964
68.0,31.0,0.0,1.0,0.0,0.0,0.0,0.034388751711579506
67.0,32.0,0.0,1.0,0.0,0.0,0.0,0.03456656876182678
66.0,33.0,0.0,1.0,0.0,0.0,0.0,0.0345852783425279
65.0,34.0,0.0,1.0,0.0,0.0,0.0,0.034921080797832245
64.0,35.0,0.0,1.0,0.0,0.0,0.0,0.03540193998150677
63.0,36.0,0.0,1.0,0.0,0.0,0.0,0.03558785217366042
62.0,37.0,0.0,1.0,0.0,0.0,0.0,0.03577177222014824
61.0,38.0,0.0,1.0,0.0,0.0,0.0,0.03588109919718033
60.0,39.0,0.0,1.0,0.0,0.0,0.0,0.03612757490705686
59.0,40.0,0.0,1.0,0.0,0.0,0.0,0.036855910877436046
58.0,41.0,0.0,1.0,0.0,0.0,0.0,0.03719227589368287
57.0,42.0,0.0,1.0,0.0,0.0,0.0,0.037395965551062865
56.0,43.0,0.0,1.0,0.0,0.0,0.0,0.03801437878424059
55.0,44.0,0.0,1.0,0.0,0.0,0.0,0.038085477884991475
54.0,45.0,0.0,1.0,0.0,0.0,0.0,0.03827171529865213
53.0,46.0,0.0,1.0,0.0,0.0,0.0,0.03865606071486765
52.0,47.0,0.0,1.0,0.0,0.0,0.0,0.03880499504651434
51.0,48.0,0.0,1.0,0.0,0.0,0.0,0.03888591948167262
50.0,49.0,0.0,1.0,0.0,0.0,0.0,0.039399079163494555
49.0,50.0,0.0,1.0,0.0,0.0,0.0,0.039635236373335256
48.0,51.0,0.0,1.0,0.0,0.0,0.0,0.04095038810909437
47.0,52.0,0.0,1.0,0.0,0.0,0.0,0.04113775351826227
46.0,53.0,0.0,1.0,0.0,0.0,0.0,0.04124236339472694
45.0,54.0,0.0,1.0,0.0,0.0,0.0,0.04128059000362692
44.0,55.0,0.0,1.0,0.0,0.0,0.0,0.04147614707994951
43.0,56.0,0.0,1.0,0.0,0.0,0.0,0.04207464849144924
42.0,57.0,0.0,1.0,0.0,0.0,0.0,0.042290030092515925
41.0,58.0,0.0,1.0,0.0,0.0,0.0,0.043650075577950365
40.0,59.0,0.0,1.0,0.0,0.0,0.0,0.04392175605486505
39.0,60.0,0.0,1.0,0.0,0.0,0.0,0.04396037610547773
38.0,61.0,0.0,1.0,0.0,0.0,0.0,0.04401619088813364
37.0,62.0,0.0,1.0,0.0,0.0,0.0,0.044527664664598295
36.0,63.0,0.0,1.0,0.0,0.0,0.0,0.046560476810907796
35.0,64.0,0.0,1.0,0.0,0.0,0.0,0.047129873936241844
34.0,65.0,0.0,1.0,0.0,0.0,0.0,0.04765560948817435
33.0,66.0,0.0,1.0,0.0,0.0,0.0,0.04799810188456385
32.0,67.0,0.0,1.0,0.0,0.0,0.0,0.048683427898316534
31.0,68.0,0.0,1.0,0.0,0.0,0.0,0.04970658637930992
30.0,69.0,0.0,1.0,0.0,0.0,0.0,0.050458392012694475
29.0,70.0,0.0,1.0,0.0,0.0,0.0,0.05151277273216916
28.0,71.0,0.0,1.0,0.0,0.0,0.0,0.05251676229847891
27.0,72.0,0.0,1.0,0.0,0.0,0.0,0.05333950453289177
26.0,73.0,0.0,1.0,0.0,0.0,0.0,0.05351321103168778
25.0,74.0,0.0,1.0,0.0,0.0,0.0,0.055410535052890064
24.0,75.0,0.0,1.0,0.0,0.0,0.0,0.05542031708717492
23.0,76.0,0.0,1.0,0.0,0.0,0.0,0.05570119939761642
22.0,77.0,0.0,1.0,0.0,0.0,0.0,0.05761759574283851
21.0,78.0,0.0,1.0,0.0,0.0,0.0,0.058050346993398866
20.0,79.0,0.0,1.0,0.0,0.0,0.0,0.0581954317494252
19.0,80.0,0.0,1.0,0.0,0.0,0.0,0.058663134891564835
18.0,81.0,0.0,1.0,0.0,0.0,0.0,0.05937581149511346
17.0,82.0,0.0,1.0,0.0,0.0,0.0,0.06005000938130624
16.0,83.0,0.0,1.0,0.0,0.0,0.0,0.060178627166326375
15.0,84.0,0.0,1.0,0.0,0.0,0.0,0.06030586937584613
14.0,85.0,0.0,1.0,0.0,0.0,0.0,0.061035073664918574
13.0,86.0,0.0,1.0,0.0,0.0,0.0,0.06167573901019495
12.0,87.0,0.0,1.0,0.0,0.0,0.0,0.06279959725615497
11.0,88.0,0.0,1.0,0.0,0.0,0.0,0.06313793293610184
10.0,89.0,0.0,1.0,0.0,0.0,0.0,0.06334271500922765
9.0,90.0,0.0,1.0,0.0,0.0,0.0,0.06346817359930192
8.0,91.0,0.0,1.0,0.0,0.0,0.0,0.06371673849644223
7.0,92.0,0.0,1.0,0.0,0.0,0.0,0.06423075455569241
6.0,93.0,0.0,1.0,0.0,0.0,0.0,0.06486411174432725
5.0,94.0,0.0,1.0,0.0,0.0,0.0,0.06665339387840687
4.0,95.0,0.0,1.0,0.0,0.0,0.0,0.06809632433586585
3.0,96.0,0.0,1.0,0.0,0.0,0.0,0.06845593577347246
2.0,97.0,0.0,1.0,0.0,0.0,0.0,0.07141536377854692
1.0,98.0,0.0,1.0,0.0,0.0,0.0,0.07437849973741152
0.0,99.0,0.0,1.0,0.0,0.0,0.0,0.07648692637077005
0.0,99.0,0.0,0.0,0.0,0.0,1.0,0.3203115252775232
