V,B,W_B,C_B,C,W,P,t
98.0,1.0,0.0,0.0,1.0,0.0,0.0,0.0
97.0,2.0,0.0,0.0,1.0,0.0,0.0,0.015008798318735802
96.0,3.0,0.0,0.0,1.0,0.0,0.0,0.016924705662354603
95.0,4.0,0.0,0.0,1.0,0.0,0.0,0.026553597824335487
94.0,5.0,0.0,0.0,1.0,0.0,0.0,0.03347354548631846
93.0,6.0,0.0,0.0,1.0,0.0,0.0,0.03384951445679413
92.0,7.0,0.0,0.0,1.0,0.0,0.0,0.03604709245888741
91.0,8.0,0.0,0.0,1.0,0.0,0.0,0.037953098612258145
90.0,9.0,0.0,0.0,1.0,0.0,0.0,0.03859984400213774
89.0,10.0,0.0,0.0,1.0,0.0,0.0,0.03930972934031096
88.0,11.0,0.0,0.0,1.0,0.0,0.0,0.04073141593965224
87.0,12.0,0.0,0.0,1.0,0.0,0.0,0.04116878253749192
86.0,13.0,0.0,0.0,1.0,0.0,0.0,0.04174074824828911
85.0,14.0,0.0,0.0,1.0,0.0,0.0,0.042297250651795716
84.0,15.0,0.0,0.0,1.0,0.0,0.0,0.042308977577069036
83.0,16.0,0.0,0.0,1.0,0.0,0.0,0.04316495799016613
82.0,17.0,0.0,0.0,1.0,0.0,0.0,0.04367347994846474
81.0,18.0,0.0,0.0,1.0,0.0,0.0,0.045167957604988145
80.0,19.0,0.0,0.0,1.0,0.0,0.0,0.04570341066976354
79.0,20.0,0.0,0.0,1.0,0.0,0.0,0.04597413825771102
78.0,21.0,0.0,0.0,1.0,0.0,0.0,0.045977467989356605
77.0,22.0,0.0,0.0,1.0,0.0,0.0,0.04601955488708784
76.0,23.0,0.0,0.0,1.0,0.0,0.0,0.046373138048805426
76.0,23.0,0.0,1.0,0.0,0.0,0.0,0.04673997465387069
75.0,24.0,0.0,1.0,0.0,0.0,0.0,0.04742277858606077
74.0,25.0,0.0,1.0,0.0,0.0,0.0,0.04879252893890116
73.0,26.0,0.0,1.0,0.0,0.0,0.0,0.05052411227629316
72.0,27.0,0.0,1.0,0.0,0.0,0.0,0.051410624763047315
71.0,28.0,0.0,1.0,0.0,0.0,0.0,0.051582740900415106
70.0,29.0,0.0,1.0,0.0,0.0,0.0,0.051832242615266755
69.0,30.0,0.0,1.0,0.0,0.0,0.0,0.05200983896925926
68.0,31.0,0.0,1.0,0.0,0.0,0.0,0.05345948547793993
67.0,32.0,0.0,1.0,0.0,0.0,0.0,0.053545362793431986
66.0,33.0,0.0,1.0,0.0,0.0,0.0,0.05359586920368077
65.0,34.0,0.0,1.0,0.0,0.0,0.0,0.05384655773829137
64.0,35.0,0.0,1.0,0.0,0.0,0.0,0.05393590323480488
63.0,36.0,0.0,1.0,0.0,0.0,0.0,0.05505460727510018
62.0,37.0,0.0,1.0,0.0,0.0,0.0,0.05641004378102686
61.0,38.0,0.0,1.0,0.0,0.0,0.0,0.056538095508688935
60.0,39.0,0.0,1.0,0.0,0.0,0.0,0.05662155268554411
59.0,40.0,0.0,1.0,0.0,0.0,0.0,0.057167494909966816
58.0,41.0,0.0,1.0,0.0,0.0,0.0,0.05841904957641336
57.0,42.0,0.0,1.0,0.0,0.0,0.0,0.05930327242158253
56.0,43.0,0.0,1.0,0.0,0.0,0.0,0.0599445567491288
55.0,44.0,0.0,1.0,0.0,0.0,0.0,0.06077863768200108
54.0,45.0,0.0,1.0,0.0,0.0,0.0,0.06079051384041302
53.0,46.0,0.0,1.0,0.0,0.0,0.0,0.06088627015792004
52.0,47.0,0.0,1.0,0.0,0.0,0.0,0.061137705024970734
51.0,48.0,0.0,1.0,0.0,0.0,0.0,0.06170707723692279
50.0,49.0,0.0,1.0,0.0,0.0,0.0,0.06184650882809035
49.0,50.0,0.0,1.0,0.0,0.0,0.0,0.061882361553428814
48.0,51.0,0.0,1.0,0.0,0.0,0.0,0.061948378686094104
47.0,52.0,0.0,1.0,0.0,0.0,0.0,0.062047629365225176
46.0,53.0,0.0,1.0,0.0,0.0,0.0,0.06218218418562635
45.0,54.0,0.0,1.0,0.0,0.0,0.0,0.06255949571297344
44.0,55.0,0.0,1.0,0.0,0.0,0.0,0.06277490681808211
43.0,56.0,0.0,1.0,0.0,0.0,0.0,0.06309729639455162
42.0,57.0,0.0,1.0,0.0,0.0,0.0,0.06438981196032191
41.0,58.0,0.0,1.0,0.0,0.0,0.0,0.06459556064624529
40.0,59.0,0.0,1.0,0.0,0.0,0.0,0.06460248952361357
39.0,60.0,0.0,1.0,0.0,0.0,0.0,0.06492982599663884
38.0,61.0,0.0,1.0,0.0,0.0,0.0,0.06523627113184385
37.0,62.0,0.0,1.0,0.0,0.0,0.0,0.06551105484820913
36.0,63.0,0.0,1.0,0.0,0.0,0.0,0.06565766100807986
35.0,64.0,0.0,1.0,0.0,0.0,0.0,0.06599706469781016
34.0,65.0,0.0,1.0,0.0,0.0,0.0,0.06780613128953791
33.0,66.0,0.0,1.0,0.0,0.0,0.0,0.06856914349914794
32.0,67.0,0.0,1.0,0.0,0.0,0.0,0.06882248246384573
31.0,68.0,0.0,1.0,0.0,0.0,0.0,0.0690314578215367
30.0,69.0,0.0,1.0,0.0,0.0,0.0,0.06905097206547645
29.0,70.0,0.0,1.0,0.0,0.0,0.0,0.06909361952164811
28.0,71.0,0.0,1.0,0.0,0.0,0.0,0.06914674941259807
27.0,72.0,0.0,1.0,0.0,0.0,0.0,0.06938682616832222
26.0,73.0,0.0,1.0,0.0,0.0,0.0,0.07027015048326066
25.0,74.0,0.0,1.0,0.0,0.0,0.0,0.07030891725093391
24.0,75.0,0.0,1.0,0.0,0.0,0.0,0.0710067344153704
23.0,76.0,0.0,1.0,0.0,0.0,0.0,0.07153883133308146
22.0,77.0,0.0,1.0,0.0,0.0,0.0,0.07216145089023544
21.0,78.0,0.0,1.0,0.0,0.0,0.0,0.0728967278707961
20.0,79.0,0.0,1.0,0.0,0.0,0.0,0.07298083612286016
19.0,80.0,0.0,1.0,0.0,0.0,0.0,0.07339588910544174
18.0,81.0,0.0,1.0,0.0,0.0,0.0,0.07355718574156385
17.0,82.0,0.0,1.0,0.0,0.0,0.0,0.07447992611559161
16.0,83.0,0.0,1.0,0.0,0.0,0.0,0.07466714904893601
15.0,84.0,0.0,1.0,0.0,0.0,0.0,0.07492318680415366
14.0,85.0,0.0,1.0,0.0,0.0,0.0,0.07498763374317674
13.0,86.0,0.0,1.0,0.0,0.0,0.0,0.07499972846079356
12.0,87.0,0.0,1.0,0.0,0.0,0.0,0.07528048679549441
11.0,88.0,0.0,1.0,0.0,0.0,0.0,0.07655190370221718
10.0,89.0,0.0,1.0,0.0,0.0,0.0,0.07655805878282324
9.0,90.0,0.0,1.0,0.0,0.0,0.0,0.07706105258750509
8.0,91.0,0.0,1.0,0.0,0.0,0.0,0.07815019375135637
7.0,92.0,0.0,1.0,0.0,0.0,0.0,0.08143216152789132
6.0,93.0,0.0,1.0,0.0,0.0,0.0,0.08163228912401202
5.0,94.0,0.0,1.0,0.0,0.0,0.0,0.08281276869624582
4.0,95.0,0.0,1.0,0.0,0.0,0.0,0.08627885779883479
3.0,96.0,0.0,1.0,0.0,0.0,0.0,0.08631133027279521
2.0,97.0,0.0,1.0,0.0,0.0,0.0,0.08641693050057893
1.0,98.0,0.0,1.0,0.0,0.0,0.0,0.08897262908643945
0.0,99.0,0.0,1.0,0.0,0.0,0.0,0.09633383225668152
0.0,99.0,0.0,0.0,0.0,0.0,1.0,0.12855112203673216
