V,B,W_B,C_B,C,W,P,t
98.0,1.0,0.0,0.0,1.0,0.0,0.0,0.0
97.0,2.0,0.0,0.0,1.0,0.0,0.0,0.0019041571154777613
96.0,3.0,0.0,0.0,1.0,0.0,0.0,0.005974893103603094
95.0,4.0,0.0,0.0,1.0,0.0,0.0,0.011312766977076548
94.0,5.0,0.0,0.0,1.0,0.0,0.0,0.011797595639095809
93.0,6.0,0.0,0.0,1.0,0.0,0.0,0.01558570502169926
92.0,7.0,0.0,0.0,1.0,0.0,0.0,0.01738066068167767
91.0,8.0,0.0,0.0,1.0,0.0,0.0,0.020465313432493516
90.0,9.0,0.0,0.0,1.0,0.0,0.0,0.021345002881719657
89.0,10.0,0.0,0.0,1.0,0.0,0.0,0.022467633691041766
88.0,11.0,0.0,0.0,1.0,0.0,0.0,0.023241441932075876
87.0,12.0,0.0,0.0,1.0,0.0,0.0,0.024189114580722166
86.0,13.0,0.0,0.0,1.0,0.0,0.0,0.024515895204817322
85.0,14.0,0.0,0.0,1.0,0.0,0.0,0.025004746622487566
84.0,15.0,0.0,0.0,1.0,0.0,0.0,0.026176167302380274
83.0,16.0,0.0,0.0,1.0,0.0,0.0,0.026467698598842963
82.0,17.0,0.0,0.0,1.0,0.0,0.0,0.027577240085375803
81.0,18.0,0.0,0.0,1.0,0.0,0.0,0.02784132086390873
80.0,19.0,0.0,0.0,1.0,0.0,0.0,0.027953691526279374
79.0,20.0,0.0,0.0,1.0,0.0,0.0,0.028039863803994824
78.0,21.0,0.0,0.0,1.0,0.0,0.0,0.0285487924655876
77.0,22.0,0.0,0.0,1.0,0.0,0.0,0.029094394000479303
76.0,23.0,0.0,0.0,1.0,0.0,0.0,0.029624698062010867
75.0,24.0,0.0,0.0,1.0,0.0,0.0,0.030115822656667117
74.0,25.0,0.0,0.0,1.0,0.0,0.0,0.030471524054360603
73.0,26.0,0.0,0.0,1.0,0.0,0.0,0.03141178261525631
72.0,27.0,0.0,0.0,1.0,0.0,0.0,0.03166829169052264
71.0,28.0,0.0,0.0,1.0,0.0,0.0,0.03201140774401052
70.0,29.0,0.0,0.0,1.0,0.0,0.0,0.03272702868372792
69.0,30.0,0.0,0.0,1.0,0.0,0.0,0.03376813190478629
68.0,31.0,0.0,0.0,1.0,0.0,0.0,0.033950393795057904
67.0,32.0,0.0,0.0,1.0,0.0,0.0,0.034126733089589946
66.0,33.0,0.0,0.0,1.0,0.0,0.0,0.0343069941644626
65.0,34.0,0.0,0.0,1.0,0.0,0.0,0.03441609280764752
64.0,35.0,0.0,0.0,1.0,0.0,0.0,0.034431775609059315
63.0,36.0,0.0,0.0,1.0,0.0,0.0,0.03562629184532676
62.0,37.0,0.0,0.0,1.0,0.0,0.0,0.0357158989442984
61.0,38.0,0.0,0.0,1.0,0.0,0.0,0.03584320533584406
60.0,39.0,0.0,0.0,1.0,0.0,0.0,0.036301414755118146
59.0,40.0,0.0,0.0,1.0,0.0,0.0,0.036761629893735756
58.0,41.0,0.0,0.0,1.0,0.0,0.0,0.03699261250253042
57.0,42.0,0.0,0.0,1.0,0.0,0.0,0.03768892004270592
56.0,43.0,0.0,0.0,1.0,0.0,0.0,0.03781076579885721
55.0,44.0,0.0,0.0,1.0,0.0,0.0,0.03819309273697157
54.0,45.0,0.0,0.0,1.0,0.0,0.0,0.03845639819072721
53.0,46.0,0.0,0.0,1.0,0.0,0.0,0.0384964633316034
52.0,47.0,0.0,0.0,1.0,0.0,0.0,0.039068863421951816
51.0,48.0,0.0,0.0,1.0,0.0,0.0,0.03991211235115682
50.0,49.0,0.0,0.0,1.0,0.0,0.0,0.04022604691646666
49.0,50.0,0.0,0.0,1.0,0.0,0.0,0.04043165417052959
48.0,51.0,0.0,0.0,1.0,0.0,0.0,0.04058580196264683
47.0,52.0,0.0,0.0,1.0,0.0,0.0,0.040938209515914675
47.0,52.0,0.0,1.0,0.0,0.0,0.0,0.04131408918009904
46.0,53.0,0.0,1.0,0.0,0.0,0.0,0.041322068407753404
45.0,54.0,0.0,1.0,0.0,0.0,0.0,0.041356193527888836
44.0,55.0,0.0,1.0,0.0,0.0,0.0,0.04136331511505799
43.0,56.0,0.0,1.0,0.0,0.0,0.0,0.04213677760342903
42.0,57.0,0.0,1.0,0.0,0.0,0.0,0.04214655367182091
41.0,58.0,0.0,1.0,0.0,0.0,0.0,0.04318803581664049
40.0,59.0,0.0,1.0,0.0,0.0,0.0,0.043272583429216256
39.0,60.0,0.0,1.0,0.0,0.0,0.0,0.043310524139600313
38.0,61.0,0.0,1.0,0.0,0.0,0.0,0.04333630557658152
37.0,62.0,0.0,1.0,0.0,0.0,0.0,0.04340225079047422
36.0,63.0,0.0,1.0,0.0,0.0,0.0,0.043569732444689625
35.0,64.0,0.0,1.0,0.0,0.0,0.0,0.04377291065335562
34.0,65.0,0.0,1.0,0.0,0.0,0.0,0.043989448710037356
33.0,66.0,0.0,1.0,0.0,0.0,0.0,0.04436756650489895
32.0,67.0,0.0,1.0,0.0,0.0,0.0,0.045036086053502525
31.0,68.0,0.0,1.0,0.0,0.0,0.0,0.045891454382160135
30.0,69.0,0.0,1.0,0.0,0.0,0.0,0.046263874930128394
29.0,70.0,0.0,1.0,0.0,0.0,0.0,0.046716461380463835
28.0,71.0,0.0,1.0,0.0,0.0,0.0,0.04687544868338409
27.0,72.0,0.0,1.0,0.0,0.0,0.0,0.047308126565185286
26.0,73.0,0.0,1.0,0.0,0.0,0.0,0.04730998501579501
25.0,74.0,0.0,1.0,0.0,0.0,0.0,0.047756373020289844
24.0,75.0,0.0,1.0,0.0,0.0,0.0,0.0489397632280941
23.0,76.0,0.0,1.0,0.0,0.0,0.0,0.04937348112983214
22.0,77.0,0.0,1.0,0.0,0.0,0.0,0.04946857394752211
21.0,78.0,0.0,1.0,0.0,0.0,0.0,0.04948820939551877
20.0,79.0,0.0,1.0,0.0,0.0,0.0,0.049708379912122416
19.0,80.0,0.0,1.0,0.0,0.0,0.0,0.049875701095663805
18.0,81.0,0.0,1.0,0.0,0.0,0.0,0.04987589487139741
17.0,82.0,0.0,1.0,0.0,0.0,0.0,0.050215275259820155
16.0,83.0,0.0,1.0,0.0,0.0,0.0,0.050549175248261864
15.0,84.0,0.0,1.0,0.0,0.0,0.0,0.052944318880435465
14.0,85.0,0.0,1.0,0.0,0.0,0.0,0.05346210590134066
13.0,86.0,0.0,1.0,0.0,0.0,0.0,0.05379865637343734
12.0,87.0,0.0,1.0,0.0,0.0,0.0,0.05530636207103855
11.0,88.0,0.0,1.0,0.0,0.0,0.0,0.05573661470281626
10.0,89.0,0.0,1.0,0.0,0.0,0.0,0.056470129783239315
9.0,90.0,0.0,1.0,0.0,0.0,0.0,0.05671286915449842
8.0,91.0,0.0,1.0,0.0,0.0,0.0,0.0570283415027021
7.0,92.0,0.0,1.0,0.0,0.0,0.0,0.05743961563923449
6.0,93.0,0.0,1.0,0.0,0.0,0.0,0.058322390822534584
5.0,94.0,0.0,1.0,0.0,0.0,0.0,0.05956388248861956
4.0,95.0,0.0,1.0,0.0,0.0,0.0,0.06213621604934331
3.0,96.0,0.0,1.0,0.0,0.0,0.0,0.06551421814020052
2.0,97.0,0.0,1.0,0.0,0.0,0.0,0.06890898856076262
1.0,98.0,0.0,1.0,0.0,0.0,0.0,0.07208872102005971
0.0,99.0,0.0,1.0,0.0,0.0,0.0,0.0999682540516488
0.0,99.0,0.0,0.0,0.0,0.0,1.0,0.4460401460981852
