V,B,W_B,C_B,C,W,P,t
98.0,1.0,0.0,0.0,1.0,0.0,0.0,0.0
97.0,2.0,0.0,0.0,1.0,0.0,0.0,0.004247453519472651
96.0,3.0,0.0,0.0,1.0,0.0,0.0,0.004719602814760614
95.0,4.0,0.0,0.0,1.0,0.0,0.0,0.020081633452022084
94.0,5.0,0.0,0.0,1.0,0.0,0.0,0.025569915712254362
93.0,6.0,0.0,0.0,1.0,0.0,0.0,0.02585832833873616
92.0,7.0,0.0,0.0,1.0,0.0,0.0,0.026891886585183777
91.0,8.0,0.0,0.0,1.0,0.0,0.0,0.027395201005965396
90.0,9.0,0.0,0.0,1.0,0.0,0.0,0.029422474862168126
89.0,10.0,0.0,0.0,1.0,0.0,0.0,0.03232381668453456
88.0,11.0,0.0,0.0,1.0,0.0,0.0,0.032431478434470626
87.0,12.0,0.0,0.0,1.0,0.0,0.0,0.032484222212865885
86.0,13.0,0.0,0.0,1.0,0.0,0.0,0.03366125828879678
85.0,14.0,0.0,0.0,1.0,0.0,0.0,0.03401195687641915
84.0,15.0,0.0,0.0,1.0,0.0,0.0,0.036462449010322764
83.0,16.0,0.0,0.0,1.0,0.0,0.0,0.03713381431023429
82.0,17.0,0.0,0.0,1.0,0.0,0.0,0.03725531365406475
81.0,18.0,0.0,0.0,1.0,0.0,0.0,0.03848151861370418
80.0,19.0,0.0,0.0,1.0,0.0,0.0,0.03850402525788266
79.0,20.0,0.0,0.0,1.0,0.0,0.0,0.038735164897007575
78.0,21.0,0.0,0.0,1.0,0.0,0.0,0.03962259081584092
77.0,22.0,0.0,0.0,1.0,0.0,0.0,0.03966434548076262
76.0,23.0,0.0,0.0,1.0,0.0,0.0,0.039788748330848486
75.0,24.0,0.0,0.0,1.0,0.0,0.0,0.040001406414476144
74.0,25.0,0.0,0.0,1.0,0.0,0.0,0.04007803070647939
73.0,26.0,0.0,0.0,1.0,0.0,0.0,0.04063843974104684
72.0,27.0,0.0,0.0,1.0,0.0,0.0,0.04087533775823833
71.0,28.0,0.0,0.0,1.0,0.0,0.0,0.04094991326435774
70.0,29.0,0.0,0.0,1.0,0.0,0.0,0.04131750776637662
69.0,30.0,0.0,0.0,1.0,0.0,0.0,0.04143622586208256
68.0,31.0,0.0,0.0,1.0,0.0,0.0,0.04192487187461742
67.0,32.0,0.0,0.0,1.0,0.0,0.0,0.04203640298095078
66.0,33.0,0.0,0.0,1.0,0.0,0.0,0.04212954792372331
65.0,34.0,0.0,0.0,1.0,0.0,0.0,0.04228684699236015
64.0,35.0,0.0,0.0,1.0,0.0,0.0,0.042346984781926555
63.0,36.0,0.0,0.0,1.0,0.0,0.0,0.04325372319465013
62.0,37.0,0.0,0.0,1.0,0.0,0.0,0.04373644736184236
61.0,38.0,0.0,0.0,1.0,0.0,0.0,0.04451734438953492
60.0,39.0,0.0,0.0,1.0,0.0,0.0,0.04464963594132182
59.0,40.0,0.0,0.0,1.0,0.0,0.0,0.044674130133423834
58.0,41.0,0.0,0.0,1.0,0.0,0.0,0.045457859687831094
57.0,42.0,0.0,0.0,1.0,0.0,0.0,0.045541382909959426
56.0,43.0,0.0,0.0,1.0,0.0,0.0,0.04651036608535537
55.0,44.0,0.0,0.0,1.0,0.0,0.0,0.04673266497856905
54.0,45.0,0.0,0.0,1.0,0.0,0.0,0.046921847296472065
53.0,46.0,0.0,0.0,1.0,0.0,0.0,0.047255606717276015
52.0,47.0,0.0,0.0,1.0,0.0,0.0,0.047411450754260634
51.0,48.0,0.0,0.0,1.0,0.0,0.0,0.04742562984216934
50.0,49.0,0.0,0.0,1.0,0.0,0.0,0.04766352602670723
49.0,50.0,0.0,0.0,1.0,0.0,0.0,0.04769971228225882
48.0,51.0,0.0,0.0,1.0,0.0,0.0,0.04773362481951302
47.0,52.0,0.0,0.0,1.0,0.0,0.0,0.0479205269287391
46.0,53.0,0.0,0.0,1.0,0.0,0.0,0.04792367320281074
45.0,54.0,0.0,0.0,1.0,0.0,0.0,0.04814496145659001
44.0,55.0,0.0,0.0,1.0,0.0,0.0,0.04815071189173584
43.0,56.0,0.0,0.0,1.0,0.0,0.0,0.048798711332029086
42.0,57.0,0.0,0.0,1.0,0.0,0.0,0.048907728219608065
41.0,58.0,0.0,0.0,1.0,0.0,0.0,0.04892183954656872
40.0,59.0,0.0,0.0,1.0,0.0,0.0,0.049028896447512633
39.0,60.0,0.0,0.0,1.0,0.0,0.0,0.04931046043503246
38.0,61.0,0.0,0.0,1.0,0.0,0.0,0.04946176492066001
37.0,62.0,0.0,0.0,1.0,0.0,0.0,0.04967238197991741
36.0,63.0,0.0,0.0,1.0,0.0,0.0,0.04973846562552204
35.0,64.0,0.0,0.0,1.0,0.0,0.0,0.04978648862105018
34.0,65.0,0.0,0.0,1.0,0.0,0.0,0.050082238117308726
33.0,66.0,0.0,0.0,1.0,0.0,0.0,0.051177895966052794
33.0,66.0,0.0,1.0,0.0,0.0,0.0,0.051858983299546274
32.0,67.0,0.0,1.0,0.0,0.0,0.0,0.05214537594674349
31.0,68.0,0.0,1.0,0.0,0.0,0.0,0.052445308104717106
30.0,69.0,0.0,1.0,0.0,0.0,0.0,0.0524964211359638
29.0,70.0,0.0,1.0,0.0,0.0,0.0,0.052939343360370254
28.0,71.0,0.0,1.0,0.0,0.0,0.0,0.052943747776203795
27.0,72.0,0.0,1.0,0.0,0.0,0.0,0.0530021167256845
26.0,73.0,0.0,1.0,0.0,0.0,0.0,0.05397091618658643
25.0,74.0,0.0,1.0,0.0,0.0,0.0,0.0546571019271176
24.0,75.0,0.0,1.0,0.0,0.0,0.0,0.055549894369136626
23.0,76.0,0.0,1.0,0.0,0.0,0.0,0.056935508901598465
22.0,77.0,0.0,1.0,0.0,0.0,0.0,0.057506318588366495
21.0,78.0,0.0,1.0,0.0,0.0,0.0,0.0575072355061409
20.0,79.0,0.0,1.0,0.0,0.0,0.0,0.058500854391698366
19.0,80.0,0.0,1.0,0.0,0.0,0.0,0.05888870129683482
18.0,81.0,0.0,1.0,0.0,0.0,0.0,0.05968397773014054
17.0,82.0,0.0,1.0,0.0,0.0,0.0,0.06153117081091425
16.0,83.0,0.0,1.0,0.0,0.0,0.0,0.06183979161875767
15.0,84.0,0.0,1.0,0.0,0.0,0.0,0.06223526318029275
14.0,85.0,0.0,1.0,0.0,0.0,0.0,0.06261777781338196
13.0,86.0,0.0,1.0,0.0,0.0,0.0,0.06323545819635411
12.0,87.0,0.0,1.0,0.0,0.0,0.0,0.06601848041972763
11.0,88.0,0.0,1.0,0.0,0.0,0.0,0.06658186286856112
10.0,89.0,0.0,1.0,0.0,0.0,0.0,0.0667584548651218
9.0,90.0,0.0,1.0,0.0,0.0,0.0,0.06704227161647175
8.0,91.0,0.0,1.0,0.0,0.0,0.0,0.06820757718393806
7.0,92.0,0.0,1.0,0.0,0.0,0.0,0.06894958059609904
6.0,93.0,0.0,1.0,0.0,0.0,0.0,0.07030661972465191
5.0,94.0,0.0,1.0,0.0,0.0,0.0,0.07181829210744127
4.0,95.0,0.0,1.0,0.0,0.0,0.0,0.07202516829580162
3.0,96.0,0.0,1.0,0.0,0.0,0.0,0.07272398084160356
2.0,97.0,0.0,1.0,0.0,0.0,0.0,0.07460839581789434
1.0,98.0,0.0,1.0,0.0,0.0,0.0,0.08316186412691356
0.0,99.0,0.0,1.0,0.0,0.0,0.0,0.09348657178527667
0.0,99.0,0.0,0.0,0.0,0.0,1.0,0.13823493961373357
