V,B,W_B,C_B,C,W,P,t
98.0,1.0,0.0,0.0,1.0,0.0,0.0,0.0
97.0,2.0,0.0,0.0,1.0,0.0,0.0,0.005527355323270798
96.0,3.0,0.0,0.0,1.0,0.0,0.0,0.010030968949627406
95.0,4.0,0.0,0.0,1.0,0.0,0.0,0.01413216485701636
94.0,5.0,0.0,0.0,1.0,0.0,0.0,0.01420313438726818
93.0,6.0,0.0,0.0,1.0,0.0,0.0,0.015648551321870065
92.0,7.0,0.0,0.0,1.0,0.0,0.0,0.01596283049934533
91.0,8.0,0.0,0.0,1.0,0.0,0.0,0.018874608562954788
90.0,9.0,0.0,0.0,1.0,0.0,0.0,0.01892287043177787
89.0,10.0,0.0,0.0,1.0,0.0,0.0,0.019368259797111827
88.0,11.0,0.0,0.0,1.0,0.0,0.0,0.02085019937174394
87.0,12.0,0.0,0.0,1.0,0.0,0.0,0.02386699353973336
86.0,13.0,0.0,0.0,1.0,0.0,0.0,0.023949871319566607
85.0,14.0,0.0,0.0,1.0,0.0,0.0,0.024521470018008834
84.0,15.0,0.0,0.0,1.0,0.0,0.0,0.024678621272187746
83.0,16.0,0.0,0.0,1.0,0.0,0.0,0.02618050435158781
82.0,17.0,0.0,0.0,1.0,0.0,0.0,0.02628001671277144
81.0,18.0,0.0,0.0,1.0,0.0,0.0,0.027734709058489595
80.0,19.0,0.0,0.0,1.0,0.0,0.0,0.028198364486091552
79.0,20.0,0.0,0.0,1.0,0.0,0.0,0.02862945725018106
78.0,21.0,0.0,0.0,1.0,0.0,0.0,0.02961250536438658
77.0,22.0,0.0,0.0,1.0,0.0,0.0,0.029898042190142807
76.0,23.0,0.0,0.0,1.0,0.0,0.0,0.030386698715497713
75.0,24.0,0.0,0.0,1.0,0.0,0.0,0.03218455300219834
74.0,25.0,0.0,0.0,1.0,0.0,0.0,0.032518394647323895
73.0,26.0,0.0,0.0,1.0,0.0,0.0,0.03336718188189342
72.0,27.0,0.0,0.0,1.0,0.0,0.0,0.033575664223609615
71.0,28.0,0.0,0.0,1.0,0.0,0.0,0.03420145782328049
70.0,29.0,0.0,0.0,1.0,0.0,0.0,0.03422258595079317
69.0,30.0,0.0,0.0,1.0,0.0,0.0,0.03438474445241372
68.0,31.0,0.0,0.0,1.0,0.0,0.0,0.03492475905200082
67.0,32.0,0.0,0.0,1.0,0.0,0.0,0.03525779968374681
66.0,33.0,0.0,0.0,1.0,0.0,0.0,0.03586954987518331
65.0,34.0,0.0,0.0,1.0,0.0,0.0,0.036850284149170354
64.0,35.0,0.0,0.0,1.0,0.0,0.0,0.036939806504122465
63.0,36.0,0.0,0.0,1.0,0.0,0.0,0.037565351346882034
62.0,37.0,0.0,0.0,1.0,0.0,0.0,0.038201826144555945
61.0,38.0,0.0,0.0,1.0,0.0,0.0,0.03854935464002335
60.0,39.0,0.0,0.0,1.0,0.0,0.0,0.038892879227052465
59.0,40.0,0.0,0.0,1.0,0.0,0.0,0.038992243364648266
58.0,41.0,0.0,0.0,1.0,0.0,0.0,0.039275326724932336
57.0,42.0,0.0,0.0,1.0,0.0,0.0,0.0393750571671923
56.0,43.0,0.0,0.0,1.0,0.0,0.0,0.04090614718389285
55.0,44.0,0.0,0.0,1.0,0.0,0.0,0.04123825709944577
54.0,45.0,0.0,0.0,1.0,0.0,0.0,0.04171706986732565
53.0,46.0,0.0,0.0,1.0,0.0,0.0,0.041740230978534756
52.0,47.0,0.0,0.0,1.0,0.0,0.0,0.04224258897242592
51.0,48.0,0.0,0.0,1.0,0.0,0.0,0.042846193036503624
50.0,49.0,0.0,0.0,1.0,0.0,0.0,0.04298976313874042
49.0,50.0,0.0,0.0,1.0,0.0,0.0,0.04330719094963558
48.0,51.0,0.0,0.0,1.0,0.0,0.0,0.043694921505739476
47.0,52.0,0.0,0.0,1.0,0.0,0.0,0.04373631099639626
46.0,53.0,0.0,0.0,1.0,0.0,0.0,0.043745383494831334
45.0,54.0,0.0,0.0,1.0,0.0,0.0,0.044400653757272486
44.0,55.0,0.0,0.0,1.0,0.0,0.0,0.04578974048949828
43.0,56.0,0.0,0.0,1.0,0.0,0.0,0.04614400599558208
42.0,57.0,0.0,0.0,1.0,0.0,0.0,0.046403416070978726
41.0,58.0,0.0,0.0,1.0,0.0,0.0,0.046536051019148074
40.0,59.0,0.0,0.0,1.0,0.0,0.0,0.04675180914998494
39.0,60.0,0.0,0.0,1.0,0.0,0.0,0.04713128572907041
38.0,61.0,0.0,0.0,1.0,0.0,0.0,0.04731390524000399
37.0,62.0,0.0,0.0,1.0,0.0,0.0,0.04733899400155965
36.0,63.0,0.0,0.0,1.0,0.0,0.0,0.04832727382900636
35.0,64.0,0.0,0.0,1.0,0.0,0.0,0.048437971243035144
34.0,65.0,0.0,0.0,1.0,0.0,0.0,0.048499567617326135
33.0,66.0,0.0,0.0,1.0,0.0,0.0,0.048637299539733794
32.0,67.0,0.0,0.0,1.0,0.0,0.0,0.04878900255411587
31.0,68.0,0.0,0.0,1.0,0.0,0.0,0.0491351946074514
30.0,69.0,0.0,0.0,1.0,0.0,0.0,0.049338565536905965
29.0,70.0,0.0,0.0,1.0,0.0,0.0,0.04942862593328685
28.0,71.0,0.0,0.0,1.0,0.0,0.0,0.05042137466850046
27.0,72.0,0.0,0.0,1.0,0.0,0.0,0.05049473338250001
26.0,73.0,0.0,0.0,1.0,0.0,0.0,0.05049962276430762
25.0,74.0,0.0,0.0,1.0,0.0,0.0,0.050667907899800795
24.0,75.0,0.0,0.0,1.0,0.0,0.0,0.05069716535516623
24.0,75.0,0.0,1.0,0.0,0.0,0.0,0.05072871827256152
23.0,76.0,0.0,1.0,0.0,0.0,0.0,0.050746491307233174
22.0,77.0,0.0,1.0,0.0,0.0,0.0,0.05135049067245556
21.0,78.0,0.0,1.0,0.0,0.0,0.0,0.05172410965142005
20.0,79.0,0.0,1.0,0.0,0.0,0.0,0.05187754862155642
19.0,80.0,0.0,1.0,0.0,0.0,0.0,0.05191491413872528
18.0,81.0,0.0,1.0,0.0,0.0,0.0,0.0521037190139178
17.0,82.0,0.0,1.0,0.0,0.0,0.0,0.052188384071079556
16.0,83.0,0.0,1.0,0.0,0.0,0.0,0.05244943819503665
15.0,84.0,0.0,1.0,0.0,0.0,0.0,0.05274438864516396
14.0,85.0,0.0,1.0,0.0,0.0,0.0,0.05329506675448236
13.0,86.0,0.0,1.0,0.0,0.0,0.0,0.05334923883264934
12.0,87.0,0.0,1.0,0.0,0.0,0.0,0.05363872140801661
11.0,88.0,0.0,1.0,0.0,0.0,0.0,0.05438381245587433
10.0,89.0,0.0,1.0,0.0,0.0,0.0,0.05598196821642018
9.0,90.0,0.0,1.0,0.0,0.0,0.0,0.05646107120654796
8.0,91.0,0.0,1.0,0.0,0.0,0.0,0.05652007974234519
7.0,92.0,0.0,1.0,0.0,0.0,0.0,0.05763016513748434
6.0,93.0,0.0,1.0,0.0,0.0,0.0,0.057820222946364234
5.0,94.0,0.0,1.0,0.0,0.0,0.0,0.05960046541285265
4.0,95.0,0.0,1.0,0.0,0.0,0.0,0.0614749489958241
3.0,96.0,0.0,1.0,0.0,0.0,0.0,0.06378246472226771
2.0,97.0,0.0,1.0,0.0,0.0,0.0,0.06899103732182092
1.0,98.0,0.0,1.0,0.0,0.0,0.0,0.07489967720638321
0.0,99.0,0.0,1.0,0.0,0.0,0.0,0.080621264054425
0.0,99.0,0.0,0.0,0.0,0.0,1.0,0.32615305944561807
