V,B,W_B,C_B,C,W,P,t
98.0,1.0,0.0,0.0,1.0,0.0,0.0,0.0
97.0,2.0,0.0,0.0,1.0,0.0,0.0,0.000977881067507418
96.0,3.0,0.0,0.0,1.0,0.0,0.0,0.010200653286755585
95.0,4.0,0.0,0.0,1.0,0.0,0.0,0.0110072827579423
94.0,5.0,0.0,0.0,1.0,0.0,0.0,0.012355072478506432
93.0,6.0,0.0,0.0,1.0,0.0,0.0,0.012493747294997474
92.0,7.0,0.0,0.0,1.0,0.0,0.0,0.013032498102061581
91.0,8.0,0.0,0.0,1.0,0.0,0.0,0.013362843087298088
90.0,9.0,0.0,0.0,1.0,0.0,0.0,0.016434784580858824
89.0,10.0,0.0,0.0,1.0,0.0,0.0,0.017014248149453435
88.0,11.0,0.0,0.0,1.0,0.0,0.0,0.019024711305485567
87.0,12.0,0.0,0.0,1.0,0.0,0.0,0.020125348178293152
86.0,13.0,0.0,0.0,1.0,0.0,0.0,0.021676185748095947
85.0,14.0,0.0,0.0,1.0,0.0,0.0,0.02336961168147158
84.0,15.0,0.0,0.0,1.0,0.0,0.0,0.024769893075965062
83.0,16.0,0.0,0.0,1.0,0.0,0.0,0.026903059222422476
83.0,16.0,0.0,1.0,0.0,0.0,0.0,0.02732080759332999
82.0,17.0,0.0,1.0,0.0,0.0,0.0,0.027410380403493986
81.0,18.0,0.0,1.0,0.0,0.0,0.0,0.027937554072998333
80.0,19.0,0.0,1.0,0.0,0.0,0.0,0.029333836940077383
79.0,20.0,0.0,1.0,0.0,0.0,0.0,0.02994782309979438
78.0,21.0,0.0,1.0,0.0,0.0,0.0,0.029970165876453146
77.0,22.0,0.0,1.0,0.0,0.0,0.0,0.03033496921302326
76.0,23.0,0.0,1.0,0.0,0.0,0.0,0.03097636784756733
75.0,24.0,0.0,1.0,0.0,0.0,0.0,0.03181986628064924
74.0,25.0,0.0,1.0,0.0,0.0,0.0,0.03187096586918022
73.0,26.0,0.0,1.0,0.0,0.0,0.0,0.03215623768340824
72.0,27.0,0.0,1.0,0.0,0.0,0.0,0.0322057268008043
71.0,28.0,0.0,1.0,0.0,0.0,0.0,0.03228951980440665
70.0,29.0,0.0,1.0,0.0,0.0,0.0,0.03322652091452634
69.0,30.0,0.0,1.0,0.0,0.0,0.0,0.033721403246106854
68.0,31.0,0.0,1.0,0.0,0.0,0.0,0.03443347290882165
67.0,32.0,0.0,1.0,0.0,0.0,0.0,0.03484298966905247
66.0,33.0,0.0,1.0,0.0,0.0,0.0,0.03492926639909885
65.0,34.0,0.0,1.0,0.0,0.0,0.0,0.03497738837516217
64.0,35.0,0.0,1.0,0.0,0.0,0.0,0.035230242309076384
63.0,36.0,0.0,1.0,0.0,0.0,0.0,0.03548087731358388
62.0,37.0,0.0,1.0,0.0,0.0,0.0,0.036114558687180276
61.0,38.0,0.0,1.0,0.0,0.0,0.0,0.03615087270625951
60.0,39.0,0.0,1.0,0.0,0.0,0.0,0.036693737104345675
59.0,40.0,0.0,1.0,0.0,0.0,0.0,0.03709867599393789
58.0,41.0,0.0,1.0,0.0,0.0,0.0,0.03729262361230542
57.0,42.0,0.0,1.0,0.0,0.0,0.0,0.037441998798375516
56.0,43.0,0.0,1.0,0.0,0.0,0.0,0.03747624849866551
55.0,44.0,0.0,1.0,0.0,0.0,0.0,0.03801999561809663
54.0,45.0,0.0,1.0,0.0,0.0,0.0,0.03803146383728193
53.0,46.0,0.0,1.0,0.0,0.0,0.0,0.03828259369144036
52.0,47.0,0.0,1.0,0.0,0.0,0.0,0.03828459070932458
51.0,48.0,0.0,1.0,0.0,0.0,0.0,0.03848413360513049
50.0,49.0,0.0,1.0,0.0,0.0,0.0,0.038847356445183515
49.0,50.0,0.0,1.0,0.0,0.0,0.0,0.039587058760714645
48.0,51.0,0.0,1.0,0.0,0.0,0.0,0.039854309021864744
47.0,52.0,0.0,1.0,0.0,0.0,0.0,0.03991976774034155
46.0,53.0,0.0,1.0,0.0,0.0,0.0,0.04031724586705311
45.0,54.0,0.0,1.0,0.0,0.0,0.0,0.04145055681057176
44.0,55.0,0.0,1.0,0.0,0.0,0.0,0.041533193501729675
43.0,56.0,0.0,1.0,0.0,0.0,0.0,0.04154999901099676
42.0,57.0,0.0,1.0,0.0,0.0,0.0,0.042150416266294476
41.0,58.0,0.0,1.0,0.0,0.0,0.0,0.04231316517267142
40.0,59.0,0.0,1.0,0.0,0.0,0.0,0.0423567421650613
39.0,60.0,0.0,1.0,0.0,0.0,0.0,0.043557724403204705
38.0,61.0,0.0,1.0,0.0,0.0,0.0,0.04356372760229458
37.0,62.0,0.0,1.0,0.0,0.0,0.0,0.043927350393596465
36.0,63.0,0.0,1.0,0.0,0.0,0.0,0.04412970394252253
35.0,64.0,0.0,1.0,0.0,0.0,0.0,0.04488227358868303
34.0,65.0,0.0,1.0,0.0,0.0,0.0,0.04508902366145354
33.0,66.0,0.0,1.0,0.0,0.0,0.0,0.045174425544555884
32.0,67.0,0.0,1.0,0.0,0.0,0.0,0.045434829621322274
31.0,68.0,0.0,1.0,0.0,0.0,0.0,0.04576849532672972
30.0,69.0,0.0,1.0,0.0,0.0,0.0,0.04587404583877232
29.0,70.0,0.0,1.0,0.0,0.0,0.0,0.04592589435216583
28.0,71.0,0.0,1.0,0.0,0.0,0.0,0.04613322378701308
27.0,72.0,0.0,1.0,0.0,0.0,0.0,0.04784932136833307
26.0,73.0,0.0,1.0,0.0,0.0,0.0,0.04787269884837364
25.0,74.0,0.0,1.0,0.0,0.0,0.0,0.04812104976074939
24.0,75.0,0.0,1.0,0.0,0.0,0.0,0.04814085945178084
23.0,76.0,0.0,1.0,0.0,0.0,0.0,0.04833075787235444
22.0,77.0,0.0,1.0,0.0,0.0,0.0,0.04844114989270374
21.0,78.0,0.0,1.0,0.0,0.0,0.0,0.04849070863992484
20.0,79.0,0.0,1.0,0.0,0.0,0.0,0.04865768758771029
19.0,80.0,0.0,1.0,0.0,0.0,0.0,0.04877282525019935
18.0,81.0,0.0,1.0,0.0,0.0,0.0,0.04883745172000677
17.0,82.0,0.0,1.0,0.0,0.0,0.0,0.05106302178314653
16.0,83.0,0.0,1.0,0.0,0.0,0.0,0.05228728620897249
15.0,84.0,0.0,1.0,0.0,0.0,0.0,0.058121639973268954
14.0,85.0,0.0,1.0,0.0,0.0,0.0,0.05920825463511101
13.0,86.0,0.0,1.0,0.0,0.0,0.0,0.06177212839199036
12.0,87.0,0.0,1.0,0.0,0.0,0.0,0.06329256744534141
11.0,88.0,0.0,1.0,0.0,0.0,0.0,0.06366459575547963
10.0,89.0,0.0,1.0,0.0,0.0,0.0,0.06391456835833147
9.0,90.0,0.0,1.0,0.0,0.0,0.0,0.06405733674070946
8.0,91.0,0.0,1.0,0.0,0.0,0.0,0.06467579871264137
7.0,92.0,0.0,1.0,0.0,0.0,0.0,0.06483215821466122
6.0,93.0,0.0,1.0,0.0,0.0,0.0,0.06503559427607215
5.0,94.0,0.0,1.0,0.0,0.0,0.0,0.06800792331334266
4.0,95.0,0.0,1.0,0.0,0.0,0.0,0.0683866943688382
3.0,96.0,0.0,1.0,0.0,0.0,0.0,0.07393967526143701
2.0,97.0,0.0,1.0,0.0,0.0,0.0,0.07537481451502974
1.0,98.0,0.0,1.0,0.0,0.0,0.0,0.07667539647690781
0.0,99.0,0.0,1.0,0.0,0.0,0.0,0.08210714866235849
0.0,99.0,1.0,0.0,0.0,0.0,0.0,0.2949729652236843
0.0,98.0,1.0,1.0,0.0,0.0,0.0,0.3079623176150909
0.0,97.0,1.0,2.0,0.0,0.0,0.0,0.32321759249038984
0.0,96.0,1.0,3.0,0.0,0.0,0.0,0.32997049479434143
0.0,95.0,1.0,4.0,0.0,0.0,0.0,0.3505920999819592
0.0,94.0,1.0,5.0,0.0,0.0,0.0,0.35274828454800883
0.0,93.0,1.0,6.0,0.0,0.0,0.0,0.3645761040798351
0.0,92.0,1.0,7.0,0.0,0.0,0.0,0.3687138406862023
0.0,91.0,1.0,8.0,0.0,0.0,0.0,0.369799531714329
0.0,90.0,1.0,9.0,0.0,0.0,0.0,0.3704734564094779
0.0,89.0,1.0,10.0,0.0,0.0,0.0,0.3846082037452956
0.0,88.0,1.0,11.0,0.0,0.0,0.0,0.38761011116451294
0.0,87.0,1.0,12.0,0.0,0.0,0.0,0.397563889325309
0.0,86.0,1.0,13.0,0.0,0.0,0.0,0.4299364988474156
0.0,85.0,1.0,14.0,0.0,0.0,0.0,0.43576298469285385
0.0,85.0,2.0,13.0,0.0,0.0,0.0,0.439420255243501
0.0,84.0,2.0,14.0,0.0,0.0,0.0,0.44078321616259336
0.0,83.0,2.0,15.0,0.0,0.0,0.0,0.4450511829192691
0.0,83.0,2.0,14.0,0.0,0.0,1.0,0.4466823047464402
0.0,82.0,2.0,15.0,0.0,0.0,1.0,0.45564774704733374
0.0,82.0,3.0,14.0,0.0,0.0,1.0,0.45998689155942024
0.0,81.0,3.0,15.0,0.0,0.0,1.0,0.46231593417893446
0.0,80.0,3.0,16.0,0.0,0.0,1.0,0.4645208574181919
0.0,79.0,3.0,17.0,0.0,0.0,1.0,0.4664731402964753
0.0,78.0,3.0,18.0,0.0,0.0,1.0,0.4684853559021186
0.0,78.0,4.0,17.0,0.0,0.0,1.0,0.47202303822608827
0.0,77.0,4.0,18.0,0.0,0.0,1.0,0.47834470432410625
0.0,76.0,4.0,19.0,0.0,0.0,1.0,0.4803360900344696
0.0,76.0,5.0,18.0,0.0,0.0,1.0,0.4809189811161543
0.0,75.0,5.0,19.0,0.0,0.0,1.0,0.48286223141235957
0.0,74.0,5.0,20.0,0.0,0.0,1.0,0.48393923667306105
0.0,73.0,5.0,21.0,0.0,0.0,1.0,0.4864470033811729
0.0,72.0,5.0,22.0,0.0,0.0,1.0,0.48646889397959253
0.0,72.0,6.0,21.0,0.0,0.0,1.0,0.48844789648862313
0.0,71.0,6.0,22.0,0.0,0.0,1.0,0.4887349980454437
0.0,70.0,6.0,23.0,0.0,0.0,1.0,0.48939530265513087
0.0,69.0,6.0,24.0,0.0,0.0,1.0,0.49055217504019627
0.0,68.0,6.0,25.0,0.0,0.0,1.0,0.4915065335798586
0.0,67.0,6.0,26.0,0.0,0.0,1.0,0.49177746459188965
0.0,66.0,6.0,27.0,0.0,0.0,1.0,0.49417620776461235
0.0,65.0,6.0,28.0,0.0,0.0,1.0,0.49421470971117104
0.0,65.0,7.0,27.0,0.0,0.0,1.0,0.4952306757268557
0.0,64.0,7.0,28.0,0.0,0.0,1.0,0.4961246061165554
0.0,64.0,8.0,27.0,0.0,0.0,1.0,0.49652627844592745
0.0,63.0,8.0,28.0,0.0,0.0,1.0,0.49708357725277325
0.0,62.0,8.0,29.0,0.0,0.0,1.0,0.4989165235600424
0.0,61.0,8.0,30.0,0.0,0.0,1.0,0.5014251607479383
0.0,60.0,8.0,31.0,0.0,0.0,1.0,0.5033542696125686
0.0,59.0,8.0,32.0,0.0,0.0,1.0,0.5047470253968097
0.0,58.0,8.0,33.0,0.0,0.0,1.0,0.5067316983141738
0.0,58.0,9.0,32.0,0.0,0.0,1.0,0.5085155085081485
0.0,58.0,10.0,31.0,0.0,0.0,1.0,0.5095811281350512
0.0,57.0,10.0,32.0,0.0,0.0,1.0,0.5115813362640464
0.0,56.0,10.0,33.0,0.0,0.0,1.0,0.511971419081637
0.0,55.0,10.0,34.0,0.0,0.0,1.0,0.5121689043295636
0.0,54.0,10.0,35.0,0.0,0.0,1.0,0.5133991343377744
0.0,53.0,10.0,36.0,0.0,0.0,1.0,0.5147198100090206
0.0,52.0,10.0,37.0,0.0,0.0,1.0,0.5150024092905376
0.0,51.0,10.0,38.0,0.0,0.0,1.0,0.5186232958062543
0.0,50.0,10.0,39.0,0.0,0.0,1.0,0.5187387276255981
0.0,49.0,10.0,40.0,0.0,0.0,1.0,0.5203525388953262
0.0,49.0,10.0,39.0,0.0,0.0,2.0,0.5212769774517862
0.0,48.0,10.0,40.0,0.0,0.0,2.0,0.5225624516274556
0.0,47.0,10.0,41.0,0.0,0.0,2.0,0.5262694494022548
0.0,46.0,10.0,42.0,0.0,0.0,2.0,0.5289850367785833
0.0,45.0,10.0,43.0,0.0,0.0,2.0,0.5292114752083572
0.0,44.0,10.0,44.0,0.0,0.0,2.0,0.530056744230152
0.0,43.0,10.0,45.0,0.0,0.0,2.0,0.5329220607446756
0.0,42.0,10.0,46.0,0.0,0.0,2.0,0.5352110319156174
0.0,41.0,10.0,47.0,0.0,0.0,2.0,0.5357805549685604
0.0,40.0,10.0,48.0,0.0,0.0,2.0,0.5389933342021634
0.0,40.0,11.0,47.0,0.0,0.0,2.0,0.5420199500051088
0.0,39.0,11.0,48.0,0.0,0.0,2.0,0.5444285894596125
0.0,39.0,12.0,47.0,0.0,0.0,2.0,0.5445827753617657
0.0,38.0,12.0,48.0,0.0,0.0,2.0,0.5456603299505586
0.0,38.0,13.0,47.0,0.0,0.0,2.0,0.5468709773132834
0.0,37.0,13.0,48.0,0.0,0.0,2.0,0.5476958517244641
0.0,37.0,13.0,47.0,0.0,0.0,3.0,0.5504019293100526
0.0,36.0,13.0,48.0,0.0,0.0,3.0,0.5511090727299308
0.0,35.0,13.0,49.0,0.0,0.0,3.0,0.5513457012031572
0.0,34.0,13.0,50.0,0.0,0.0,3.0,0.5520644721697879
0.0,33.0,13.0,51.0,0.0,0.0,3.0,0.5564547495400084
0.0,32.0,13.0,52.0,0.0,0.0,3.0,0.556808725208387
0.0,32.0,13.0,51.0,0.0,0.0,4.0,0.5570197936459623
0.0,31.0,13.0,52.0,0.0,0.0,4.0,0.5621949719039423
0.0,30.0,13.0,53.0,0.0,0.0,4.0,0.5653646711560588
0.0,29.0,13.0,54.0,0.0,0.0,4.0,0.5691918938220034
0.0,29.0,14.0,53.0,0.0,0.0,4.0,0.5709553352112516
0.0,29.0,14.0,52.0,0.0,0.0,5.0,0.5712246831295281
0.0,29.0,14.0,51.0,0.0,0.0,6.0,0.5720001701735175
0.0,28.0,14.0,52.0,0.0,0.0,6.0,0.5724244541548917
0.0,27.0,14.0,53.0,0.0,0.0,6.0,0.5741541387720039
0.0,26.0,14.0,54.0,0.0,0.0,6.0,0.5745006558927747
0.0,25.0,14.0,55.0,0.0,0.0,6.0,0.5751928026172214
0.0,25.0,15.0,54.0,0.0,0.0,6.0,0.5787009045350511
0.0,25.0,16.0,53.0,0.0,0.0,6.0,0.57932794909365
0.0,24.0,16.0,54.0,0.0,0.0,6.0,0.5812520011263705
0.0,24.0,17.0,53.0,0.0,0.0,6.0,0.5832980181133386
0.0,24.0,17.0,52.0,0.0,0.0,7.0,0.5869892532676679
0.0,24.0,17.0,51.0,0.0,0.0,8.0,0.5870415243907656
0.0,23.0,17.0,52.0,0.0,0.0,8.0,0.5888769152467244
0.0,23.0,17.0,51.0,0.0,0.0,9.0,0.5892485486892356
0.0,23.0,17.0,50.0,0.0,0.0,10.0,0.5894722498244681
0.0,22.0,17.0,51.0,0.0,0.0,10.0,0.5904751906547251
0.0,21.0,17.0,52.0,0.0,0.0,10.0,0.5908672577022894
0.0,20.0,17.0,53.0,0.0,0.0,10.0,0.5911800392737718
0.0,19.0,17.0,54.0,0.0,0.0,10.0,0.5919367972638286
0.0,18.0,17.0,55.0,0.0,0.0,10.0,0.5935068533911535
0.0,17.0,17.0,56.0,0.0,0.0,10.0,0.5956938081978422
0.0,16.0,17.0,57.0,0.0,0.0,10.0,0.5958654873985374
0.0,15.0,17.0,58.0,0.0,0.0,10.0,0.5982074859922598
0.0,15.0,18.0,57.0,0.0,0.0,10.0,0.6027813570429603
0.0,14.0,18.0,58.0,0.0,0.0,10.0,0.6037154944723498
0.0,14.0,17.0,58.0,0.0,0.0,11.0,0.6072247568901955
0.0,14.0,18.0,57.0,0.0,0.0,11.0,0.607945868746617
0.0,13.0,18.0,58.0,0.0,0.0,11.0,0.6097131118382059
0.0,13.0,19.0,57.0,0.0,0.0,11.0,0.6115820891943615
0.0,12.0,19.0,58.0,0.0,0.0,11.0,0.6123236866822945
0.0,12.0,20.0,57.0,0.0,0.0,11.0,0.6142843121226209
0.0,12.0,21.0,56.0,0.0,0.0,11.0,0.6158126372093387
0.0,11.0,21.0,57.0,0.0,0.0,11.0,0.6190243255887645
0.0,11.0,22.0,56.0,0.0,0.0,11.0,0.6211261120928857
0.0,10.0,22.0,57.0,0.0,0.0,11.0,0.6274582461850359
0.0,9.0,22.0,58.0,0.0,0.0,11.0,0.6284932480176231
0.0,9.0,22.0,57.0,0.0,0.0,12.0,0.6317291528471668
0.0,9.0,23.0,56.0,0.0,0.0,12.0,0.6379641687893605
0.0,8.0,23.0,57.0,0.0,0.0,12.0,0.6432950060893238
0.0,8.0,24.0,56.0,0.0,0.0,12.0,0.6440014501797557
0.0,8.0,24.0,55.0,0.0,0.0,13.0,0.6466479386342722
0.0,7.0,24.0,56.0,0.0,0.0,13.0,0.6472538990947165
0.0,7.0,24.0,55.0,0.0,0.0,14.0,0.6552617518702883
0.0,7.0,24.0,54.0,0.0,0.0,15.0,0.6580550536093586
0.0,7.0,23.0,54.0,0.0,0.0,16.0,0.6582930921395259
0.0,6.0,23.0,55.0,0.0,0.0,16.0,0.6585658513399713
0.0,5.0,23.0,56.0,0.0,0.0,16.0,0.6653771143929796
0.0,5.0,24.0,55.0,0.0,0.0,16.0,0.6688269361725521
0.0,4.0,24.0,56.0,0.0,0.0,16.0,0.6708588131174804
0.0,4.0,24.0,55.0,0.0,0.0,17.0,0.673662839800567
0.0,4.0,25.0,54.0,0.0,0.0,17.0,0.6741299337684349
0.0,3.0,25.0,55.0,0.0,0.0,17.0,0.6741849172705813
0.0,2.0,25.0,56.0,0.0,0.0,17.0,0.6753448192802269
0.0,2.0,26.0,55.0,0.0,0.0,17.0,0.6800206777811227
0.0,2.0,26.0,54.0,0.0,0.0,18.0,0.6821669652409503
0.0,2.0,25.0,54.0,0.0,0.0,19.0,0.6894707260517694
0.0,2.0,26.0,53.0,0.0,0.0,19.0,0.6983006945041496
0.0,1.0,26.0,54.0,0.0,0.0,19.0,0.7012425456775238
0.0,1.0,26.0,53.0,0.0,0.0,20.0,0.7022851618847863
0.0,1.0,27.0,52.0,0.0,0.0,20.0,0.7073045270672131
0.0,1.0,28.0,51.0,0.0,0.0,20.0,0.7081379767639486
0.0,1.0,29.0,50.0,0.0,0.0,20.0,0.7138288225077314
0.0,1.0,29.0,49.0,0.0,0.0,21.0,0.7147581675063365
0.0,1.0,30.0,48.0,0.0,0.0,21.0,0.7202550803134565
0.0,1.0,31.0,47.0,0.0,0.0,21.0,0.7213497535426566
0.0,1.0,31.0,46.0,0.0,0.0,22.0,0.728090305449989
0.0,1.0,32.0,45.0,0.0,0.0,22.0,0.7283316980154818
0.0,1.0,33.0,44.0,0.0,0.0,22.0,0.7339294140835836
0.0,1.0,34.0,43.0,0.0,0.0,22.0,0.743316836294252
0.0,1.0,33.0,43.0,0.0,0.0,23.0,0.7434032735652643
0.0,1.0,34.0,42.0,0.0,0.0,23.0,0.7443162759238444
0.0,1.0,35.0,41.0,0.0,0.0,23.0,0.7489722092762057
0.0,1.0,36.0,40.0,0.0,0.0,23.0,0.7550002795388615
0.0,0.0,36.0,41.0,0.0,0.0,23.0,0.7563026497403419
0.0,0.0,35.0,41.0,0.0,0.0,24.0,0.7581172162022124
0.0,0.0,35.0,40.0,0.0,0.0,25.0,0.7705372692134383
0.0,0.0,36.0,39.0,0.0,0.0,25.0,0.7717331135469262
0.0,0.0,36.0,38.0,0.0,0.0,26.0,0.7804026579127513
0.0,0.0,36.0,37.0,0.0,0.0,27.0,0.7879130671413224
0.0,0.0,35.0,37.0,0.0,0.0,28.0,0.7923612839444322
0.0,0.0,36.0,36.0,0.0,0.0,28.0,0.7964228234219427
0.0,0.0,37.0,35.0,0.0,0.0,28.0,0.8091376629681465
0.0,0.0,37.0,34.0,0.0,0.0,29.0,0.815687735704949
0.0,0.0,36.0,34.0,0.0,0.0,30.0,0.8236591930583502
0.0,0.0,36.0,33.0,0.0,0.0,31.0,0.8328695623986727
0.0,0.0,37.0,32.0,0.0,0.0,31.0,0.8357812144724199
0.0,0.0,38.0,31.0,0.0,0.0,31.0,0.8400988932258754
0.0,0.0,38.0,30.0,0.0,0.0,32.0,0.8570570182535797
0.0,0.0,38.0,29.0,0.0,0.0,33.0,0.866696296999965
0.0,0.0,39.0,28.0,0.0,0.0,33.0,0.8730925287482869
0.0,0.0,39.0,27.0,0.0,0.0,34.0,0.8766763746881915
0.0,0.0,38.0,27.0,0.0,0.0,35.0,0.8766884868522008
0.0,0.0,38.0,26.0,0.0,0.0,36.0,0.8767021454008719
0.0,0.0,38.0,25.0,0.0,0.0,37.0,0.8979561023393238
0.0,0.0,37.0,25.0,0.0,0.0,38.0,0.904010720910129
0.0,0.0,37.0,24.0,0.0,0.0,39.0,0.9273837389356401
0.0,0.0,37.0,23.0,0.0,0.0,40.0,0.9365928472927446
0.0,0.0,38.0,22.0,0.0,0.0,40.0,0.9379656671019017
0.0,0.0,37.0,22.0,0.0,0.0,41.0,0.9515076566337368
0.0,0.0,36.0,22.0,0.0,0.0,42.0,0.9522864827986319
0.0,0.0,37.0,21.0,0.0,0.0,42.0,0.9556442984536107
0.0,0.0,36.0,21.0,0.0,0.0,43.0,0.971830131007968
0.0,0.0,36.0,20.0,0.0,0.0,44.0,0.9733974845355765
0.0,0.0,37.0,19.0,0.0,0.0,44.0,0.9757418803415598
0.0,0.0,36.0,19.0,0.0,0.0,45.0,0.9774614623293847
0.0,0.0,37.0,18.0,0.0,0.0,45.0,1.0160702281886218
0.0,0.0,37.0,17.0,0.0,0.0,46.0,1.0219162043516858
0.0,0.0,37.0,16.0,0.0,0.0,47.0,1.0331225623645324
0.0,0.0,37.0,15.0,0.0,0.0,48.0,1.0401656670120258
0.0,0.0,37.0,14.0,0.0,0.0,49.0,1.0430775460776294
0.0,0.0,37.0,13.0,0.0,0.0,50.0,1.0571953194876187
0.0,0.0,36.0,13.0,0.0,0.0,51.0,1.0694709454952789
0.0,0.0,36.0,12.0,0.0,0.0,52.0,1.076792020691537
0.0,0.0,35.0,12.0,0.0,0.0,53.0,1.0857005443154468
0.0,0.0,34.0,12.0,0.0,0.0,54.0,1.095152625014812
0.0,0.0,35.0,11.0,0.0,0.0,54.0,1.1030609108653773
0.0,0.0,34.0,11.0,0.0,0.0,55.0,1.1123384877293276
0.0,0.0,35.0,10.0,0.0,0.0,55.0,1.1125935519155177
0.0,0.0,34.0,10.0,0.0,0.0,56.0,1.150686567072819
0.0,0.0,35.0,9.0,0.0,0.0,56.0,1.152623038840112
0.0,0.0,34.0,9.0,0.0,0.0,57.0,1.211452271121404
0.0,0.0,35.0,8.0,0.0,0.0,57.0,1.2121552476611392
0.0,0.0,36.0,7.0,0.0,0.0,57.0,1.2161359045933924
0.0,0.0,36.0,6.0,0.0,0.0,58.0,1.231507262808639
0.0,0.0,36.0,5.0,0.0,0.0,59.0,1.2553875466939406
0.0,0.0,35.0,5.0,0.0,0.0,60.0,1.2973450442607974
0.0,0.0,34.0,5.0,0.0,0.0,61.0,1.313659736844421
0.0,0.0,34.0,4.0,0.0,0.0,62.0,1.3222229783129624
0.0,0.0,33.0,4.0,0.0,0.0,63.0,1.328045342698157
0.0,0.0,32.0,4.0,0.0,0.0,64.0,1.3418500226377328
0.0,0.0,31.0,4.0,0.0,0.0,65.0,1.3533780563100175
0.0,0.0,30.0,4.0,0.0,0.0,66.0,1.3955973616493904
0.0,0.0,31.0,3.0,0.0,0.0,66.0,1.4137808109449927
0.0,0.0,30.0,3.0,0.0,0.0,67.0,1.4252580513128388
0.0,0.0,29.0,3.0,0.0,0.0,68.0,1.4958539537007178
0.0,0.0,28.0,3.0,0.0,0.0,69.0,1.5135684029069965
0.0,0.0,29.0,2.0,0.0,0.0,69.0,1.5328488747431481
0.0,0.0,28.0,2.0,0.0,0.0,70.0,1.533094900444991
0.0,0.0,27.0,2.0,0.0,0.0,71.0,1.5653518735846275
0.0,0.0,26.0,2.0,0.0,0.0,72.0,1.5682152631657515
0.0,0.0,25.0,2.0,0.0,0.0,73.0,1.585931939293867
0.0,0.0,24.0,2.0,0.0,0.0,74.0,1.6620171174046188
0.0,0.0,25.0,1.0,0.0,0.0,74.0,1.7082154465583863
0.0,0.0,24.0,1.0,0.0,0.0,75.0,1.789500561284049
0.0,0.0,25.0,0.0,0.0,0.0,75.0,1.7922368710426195
0.0,0.0,24.0,0.0,0.0,0.0,76.0,1.810878698212554
0.0,0.0,23.0,0.0,0.0,0.0,77.0,2.059541411798968
0.0,0.0,22.0,0.0,0.0,0.0,78.0,2.122742636881379
0.0,0.0,21.0,0.0,0.0,0.0,79.0,2.1614770200891535
0.0,0.0,20.0,0.0,0.0,0.0,80.0,2.172609850463148
0.0,0.0,19.0,0.0,0.0,0.0,81.0,2.1766879178987253
0.0,0.0,18.0,0.0,0.0,0.0,82.0,2.2302436684950866
0.0,0.0,17.0,0.0,0.0,0.0,83.0,2.3223582920279853
0.0,0.0,16.0,0.0,0.0,0.0,84.0,2.3296417406134147
0.0,0.0,15.0,0.0,0.0,0.0,85.0,2.3962234085453002
0.0,0.0,14.0,0.0,0.0,0.0,86.0,2.561494425367267
0.0,0.0,13.0,0.0,0.0,0.0,87.0,2.607114754229867
0.0,0.0,12.0,0.0,0.0,0.0,88.0,2.6686977210594027
0.0,0.0,11.0,0.0,0.0,0.0,89.0,2.6781428851654945
0.0,0.0,10.0,0.0,0.0,0.0,90.0,2.7326630079346343
0.0,0.0,9.0,0.0,0.0,0.0,91.0,2.7489902191755253
0.0,0.0,8.0,0.0,0.0,0.0,92.0,2.8253095412953235
0.0,0.0,7.0,0.0,0.0,0.0,93.0,2.997016900455387
0.0,0.0,6.0,0.0,0.0,0.0,94.0,3.1423621796833685
0.0,0.0,5.0,0.0,0.0,0.0,95.0,3.2214834847585574
0.0,0.0,4.0,0.0,0.0,0.0,96.0,3.335468091193566
0.0,0.0,3.0,0.0,0.0,0.0,97.0,3.4250294184616217
0.0,0.0,2.0,0.0,0.0,0.0,98.0,3.9802366963327978
0.0,0.0,1.0,0.0,0.0,0.0,99.0,4.130257158500291
0.0,0.0,0.0,0.0,0.0,0.0,100.0,4.360962368027758
