V,B,W_B,C_B,C,W,P,t
98.0,1.0,0.0,0.0,1.0,0.0,0.0,0.0
97.0,2.0,0.0,0.0,1.0,0.0,0.0,0.0013275567138927211
96.0,3.0,0.0,0.0,1.0,0.0,0.0,0.010504550744125877
95.0,4.0,0.0,0.0,1.0,0.0,0.0,0.010895989056475394
94.0,5.0,0.0,0.0,1.0,0.0,0.0,0.011903947295421335
93.0,6.0,0.0,0.0,1.0,0.0,0.0,0.011906102051795802
92.0,7.0,0.0,0.0,1.0,0.0,0.0,0.01252998420201163
91.0,8.0,0.0,0.0,1.0,0.0,0.0,0.014031450333665174
90.0,9.0,0.0,0.0,1.0,0.0,0.0,0.014331344463459334
89.0,10.0,0.0,0.0,1.0,0.0,0.0,0.015425950398614798
88.0,11.0,0.0,0.0,1.0,0.0,0.0,0.017191369963840353
87.0,12.0,0.0,0.0,1.0,0.0,0.0,0.019247783818775135
86.0,13.0,0.0,0.0,1.0,0.0,0.0,0.02016095964769037
85.0,14.0,0.0,0.0,1.0,0.0,0.0,0.02105292948448918
84.0,15.0,0.0,0.0,1.0,0.0,0.0,0.023229670241684867
83.0,16.0,0.0,0.0,1.0,0.0,0.0,0.024652070192699622
82.0,17.0,0.0,0.0,1.0,0.0,0.0,0.02563941693416173
81.0,18.0,0.0,0.0,1.0,0.0,0.0,0.02593780414082491
80.0,19.0,0.0,0.0,1.0,0.0,0.0,0.026374046180651582
79.0,20.0,0.0,0.0,1.0,0.0,0.0,0.026575810531779688
78.0,21.0,0.0,0.0,1.0,0.0,0.0,0.026880373065084867
77.0,22.0,0.0,0.0,1.0,0.0,0.0,0.027035750136472556
76.0,23.0,0.0,0.0,1.0,0.0,0.0,0.02812724951863471
75.0,24.0,0.0,0.0,1.0,0.0,0.0,0.0281505037286481
74.0,25.0,0.0,0.0,1.0,0.0,0.0,0.0282601564377449
73.0,26.0,0.0,0.0,1.0,0.0,0.0,0.028787090446179272
72.0,27.0,0.0,0.0,1.0,0.0,0.0,0.029059351789961795
71.0,28.0,0.0,0.0,1.0,0.0,0.0,0.02922233146905498
70.0,29.0,0.0,0.0,1.0,0.0,0.0,0.02959804150647051
69.0,30.0,0.0,0.0,1.0,0.0,0.0,0.02968127237343648
68.0,31.0,0.0,0.0,1.0,0.0,0.0,0.029784665049121556
67.0,32.0,0.0,0.0,1.0,0.0,0.0,0.030031761726262117
66.0,33.0,0.0,0.0,1.0,0.0,0.0,0.03129445499559644
65.0,34.0,0.0,0.0,1.0,0.0,0.0,0.03170279681765527
64.0,35.0,0.0,0.0,1.0,0.0,0.0,0.032883123715327034
63.0,36.0,0.0,0.0,1.0,0.0,0.0,0.033216148533259944
62.0,37.0,0.0,0.0,1.0,0.0,0.0,0.03327912427941187
61.0,38.0,0.0,0.0,1.0,0.0,0.0,0.03350395370217365
60.0,39.0,0.0,0.0,1.0,0.0,0.0,0.033775726030934906
59.0,40.0,0.0,0.0,1.0,0.0,0.0,0.03444574645919494
58.0,41.0,0.0,0.0,1.0,0.0,0.0,0.034646809584768595
57.0,42.0,0.0,0.0,1.0,0.0,0.0,0.0354669477332359
56.0,43.0,0.0,0.0,1.0,0.0,0.0,0.036749645644044135
55.0,44.0,0.0,0.0,1.0,0.0,0.0,0.037608229905912706
54.0,45.0,0.0,0.0,1.0,0.0,0.0,0.03860234402121505
53.0,46.0,0.0,0.0,1.0,0.0,0.0,0.038692893511145535
52.0,47.0,0.0,0.0,1.0,0.0,0.0,0.039616925376721686
51.0,48.0,0.0,0.0,1.0,0.0,0.0,0.04004731776262159
50.0,49.0,0.0,0.0,1.0,0.0,0.0,0.040547931885829246
49.0,50.0,0.0,0.0,1.0,0.0,0.0,0.040690561407260496
48.0,51.0,0.0,0.0,1.0,0.0,0.0,0.04075423935922331
47.0,52.0,0.0,0.0,1.0,0.0,0.0,0.04158167793857098
46.0,53.0,0.0,0.0,1.0,0.0,0.0,0.041589303374016895
45.0,54.0,0.0,0.0,1.0,0.0,0.0,0.041699183146062704
44.0,55.0,0.0,0.0,1.0,0.0,0.0,0.04176481953133153
43.0,56.0,0.0,0.0,1.0,0.0,0.0,0.04185864188287684
42.0,57.0,0.0,0.0,1.0,0.0,0.0,0.04251507122688326
41.0,58.0,0.0,0.0,1.0,0.0,0.0,0.042897245202397113
40.0,59.0,0.0,0.0,1.0,0.0,0.0,0.04392868442110046
39.0,60.0,0.0,0.0,1.0,0.0,0.0,0.04422015506245966
38.0,61.0,0.0,0.0,1.0,0.0,0.0,0.044345937987052754
37.0,62.0,0.0,0.0,1.0,0.0,0.0,0.04550845652275894
36.0,63.0,0.0,0.0,1.0,0.0,0.0,0.04732780246477579
35.0,64.0,0.0,0.0,1.0,0.0,0.0,0.04775142920792379
34.0,65.0,0.0,0.0,1.0,0.0,0.0,0.04821129650856685
33.0,66.0,0.0,0.0,1.0,0.0,0.0,0.04832416138784685
32.0,67.0,0.0,0.0,1.0,0.0,0.0,0.04948489282806042
31.0,68.0,0.0,0.0,1.0,0.0,0.0,0.04981525702880539
30.0,69.0,0.0,0.0,1.0,0.0,0.0,0.05062465051291633
29.0,70.0,0.0,0.0,1.0,0.0,0.0,0.05072619527893936
28.0,71.0,0.0,0.0,1.0,0.0,0.0,0.050784028315886465
27.0,72.0,0.0,0.0,1.0,0.0,0.0,0.05140246720327227
26.0,73.0,0.0,0.0,1.0,0.0,0.0,0.051483554359305406
25.0,74.0,0.0,0.0,1.0,0.0,0.0,0.052321585348441516
24.0,75.0,0.0,0.0,1.0,0.0,0.0,0.05244633069359812
23.0,76.0,0.0,0.0,1.0,0.0,0.0,0.0532590236238559
22.0,77.0,0.0,0.0,1.0,0.0,0.0,0.0533742736012061
21.0,78.0,0.0,0.0,1.0,0.0,0.0,0.05346193485925122
20.0,79.0,0.0,0.0,1.0,0.0,0.0,0.05442613411694102
19.0,80.0,0.0,0.0,1.0,0.0,0.0,0.05474634578754992
18.0,81.0,0.0,0.0,1.0,0.0,0.0,0.05643682698913196
17.0,82.0,0.0,0.0,1.0,0.0,0.0,0.05680249104986319
16.0,83.0,0.0,0.0,1.0,0.0,0.0,0.05722797771823742
16.0,83.0,0.0,1.0,0.0,0.0,0.0,0.06050259291607923
15.0,84.0,0.0,1.0,0.0,0.0,0.0,0.060989427272001406
14.0,85.0,0.0,1.0,0.0,0.0,0.0,0.06253726450552256
13.0,86.0,0.0,1.0,0.0,0.0,0.0,0.06436430784320563
12.0,87.0,0.0,1.0,0.0,0.0,0.0,0.06506706046443654
11.0,88.0,0.0,1.0,0.0,0.0,0.0,0.06536219595644834
10.0,89.0,0.0,1.0,0.0,0.0,0.0,0.0663174996530511
9.0,90.0,0.0,1.0,0.0,0.0,0.0,0.06638463550623987
8.0,91.0,0.0,1.0,0.0,0.0,0.0,0.06676439489225086
7.0,92.0,0.0,1.0,0.0,0.0,0.0,0.06742713555254626
6.0,93.0,0.0,1.0,0.0,0.0,0.0,0.06832069976790818
5.0,94.0,0.0,1.0,0.0,0.0,0.0,0.07387891955642116
4.0,95.0,0.0,1.0,0.0,0.0,0.0,0.07465456033387506
3.0,96.0,0.0,1.0,0.0,0.0,0.0,0.07590855864547866
2.0,97.0,0.0,1.0,0.0,0.0,0.0,0.0785384214597598
1.0,98.0,0.0,1.0,0.0,0.0,0.0,0.07998818640411152
0.0,99.0,0.0,1.0,0.0,0.0,0.0,0.08172710934628769
0.0,99.0,1.0,0.0,0.0,0.0,0.0,0.36322235495392363
0.0,98.0,1.0,1.0,0.0,0.0,0.0,0.36486525236894307
0.0,97.0,1.0,2.0,0.0,0.0,0.0,0.3687092939982265
0.0,96.0,1.0,3.0,0.0,0.0,0.0,0.3951328962937858
0.0,95.0,1.0,4.0,0.0,0.0,0.0,0.4003270809835631
0.0,94.0,1.0,5.0,0.0,0.0,0.0,0.4027982093029678
0.0,93.0,1.0,6.0,0.0,0.0,0.0,0.4138722350544178
0.0,92.0,1.0,7.0,0.0,0.0,0.0,0.4229357467227337
0.0,91.0,1.0,8.0,0.0,0.0,0.0,0.4239799072424774
0.0,90.0,1.0,9.0,0.0,0.0,0.0,0.4266528776006592
0.0,89.0,1.0,10.0,0.0,0.0,0.0,0.42833137861227777
0.0,88.0,1.0,11.0,0.0,0.0,0.0,0.446122196000505
0.0,87.0,1.0,12.0,0.0,0.0,0.0,0.45715121967972683
0.0,87.0,2.0,11.0,0.0,0.0,0.0,0.463653564131369
0.0,86.0,2.0,12.0,0.0,0.0,0.0,0.4663997808697
0.0,85.0,2.0,13.0,0.0,0.0,0.0,0.46949181470650786
0.0,84.0,2.0,14.0,0.0,0.0,0.0,0.4737115583924896
0.0,83.0,2.0,15.0,0.0,0.0,0.0,0.4762206721456044
0.0,83.0,2.0,14.0,0.0,0.0,1.0,0.47848378339038183
0.0,82.0,2.0,15.0,0.0,0.0,1.0,0.4865132202147362
0.0,81.0,2.0,16.0,0.0,0.0,1.0,0.4907798569811558
0.0,80.0,2.0,17.0,0.0,0.0,1.0,0.49670245595979506
0.0,79.0,2.0,18.0,0.0,0.0,1.0,0.4995810534238114
0.0,78.0,2.0,19.0,0.0,0.0,1.0,0.5007532396046382
0.0,77.0,2.0,20.0,0.0,0.0,1.0,0.5029565620258496
0.0,76.0,2.0,21.0,0.0,0.0,1.0,0.5096088357331054
0.0,75.0,2.0,22.0,0.0,0.0,1.0,0.5168269044081906
0.0,75.0,3.0,21.0,0.0,0.0,1.0,0.5274556232654289
0.0,74.0,3.0,22.0,0.0,0.0,1.0,0.5338411503771467
0.0,73.0,3.0,23.0,0.0,0.0,1.0,0.5350306676455051
0.0,72.0,3.0,24.0,0.0,0.0,1.0,0.5370100568743068
0.0,71.0,3.0,25.0,0.0,0.0,1.0,0.5414706589105339
0.0,70.0,3.0,26.0,0.0,0.0,1.0,0.5446556563982006
0.0,69.0,3.0,27.0,0.0,0.0,1.0,0.554838006331545
0.0,68.0,3.0,28.0,0.0,0.0,1.0,0.5613210895674691
0.0,67.0,3.0,29.0,0.0,0.0,1.0,0.5615609130698214
0.0,66.0,3.0,30.0,0.0,0.0,1.0,0.566264410705339
0.0,65.0,3.0,31.0,0.0,0.0,1.0,0.5668376737978066
0.0,64.0,3.0,32.0,0.0,0.0,1.0,0.5680786314844539
0.0,63.0,3.0,33.0,0.0,0.0,1.0,0.5694078457094689
0.0,62.0,3.0,34.0,0.0,0.0,1.0,0.5721639102127382
0.0,61.0,3.0,35.0,0.0,0.0,1.0,0.5739769214209257
0.0,60.0,3.0,36.0,0.0,0.0,1.0,0.5814393521337978
0.0,60.0,4.0,35.0,0.0,0.0,1.0,0.5858789957615694
0.0,59.0,4.0,36.0,0.0,0.0,1.0,0.5915372167364791
0.0,58.0,4.0,37.0,0.0,0.0,1.0,0.5925288880108757
0.0,57.0,4.0,38.0,0.0,0.0,1.0,0.6009708338858241
0.0,56.0,4.0,39.0,0.0,0.0,1.0,0.6015421489388745
0.0,55.0,4.0,40.0,0.0,0.0,1.0,0.6021651248850225
0.0,54.0,4.0,41.0,0.0,0.0,1.0,0.6038070963663018
0.0,54.0,5.0,40.0,0.0,0.0,1.0,0.6095922194946483
0.0,53.0,5.0,41.0,0.0,0.0,1.0,0.6130430554555231
0.0,52.0,5.0,42.0,0.0,0.0,1.0,0.6150738522222338
0.0,51.0,5.0,43.0,0.0,0.0,1.0,0.6168132089549113
0.0,50.0,5.0,44.0,0.0,0.0,1.0,0.6178932974768944
0.0,49.0,5.0,45.0,0.0,0.0,1.0,0.617971589759119
0.0,48.0,5.0,46.0,0.0,0.0,1.0,0.6203413291420137
0.0,47.0,5.0,47.0,0.0,0.0,1.0,0.6214106534558255
0.0,46.0,5.0,48.0,0.0,0.0,1.0,0.6265337304425941
0.0,45.0,5.0,49.0,0.0,0.0,1.0,0.6267509476082896
0.0,44.0,5.0,50.0,0.0,0.0,1.0,0.6327098852127581
0.0,44.0,6.0,49.0,0.0,0.0,1.0,0.6345659277144048
0.0,43.0,6.0,50.0,0.0,0.0,1.0,0.6352514178330747
0.0,42.0,6.0,51.0,0.0,0.0,1.0,0.6407515238485102
0.0,41.0,6.0,52.0,0.0,0.0,1.0,0.6464827949287546
0.0,40.0,6.0,53.0,0.0,0.0,1.0,0.6481434121876507
0.0,39.0,6.0,54.0,0.0,0.0,1.0,0.6509966612280292
0.0,38.0,6.0,55.0,0.0,0.0,1.0,0.6512353813528493
0.0,38.0,6.0,54.0,0.0,0.0,2.0,0.6555120291122581
0.0,38.0,7.0,53.0,0.0,0.0,2.0,0.6579987727991109
0.0,37.0,7.0,54.0,0.0,0.0,2.0,0.6602480624312097
0.0,36.0,7.0,55.0,0.0,0.0,2.0,0.6652759165995754
0.0,35.0,7.0,56.0,0.0,0.0,2.0,0.6687807235386334
0.0,35.0,7.0,55.0,0.0,0.0,3.0,0.6738780977841239
0.0,34.0,7.0,56.0,0.0,0.0,3.0,0.688471396775003
0.0,34.0,7.0,55.0,0.0,0.0,4.0,0.6966579264239509
0.0,33.0,7.0,56.0,0.0,0.0,4.0,0.6978006913593142
0.0,32.0,7.0,57.0,0.0,0.0,4.0,0.6981830702066181
0.0,32.0,8.0,56.0,0.0,0.0,4.0,0.6990751392994071
0.0,31.0,8.0,57.0,0.0,0.0,4.0,0.702246693638539
0.0,31.0,8.0,56.0,0.0,0.0,5.0,0.7081450368356098
0.0,30.0,8.0,57.0,0.0,0.0,5.0,0.7100788366362673
0.0,30.0,8.0,56.0,0.0,0.0,6.0,0.7106366908280961
0.0,29.0,8.0,57.0,0.0,0.0,6.0,0.7154026294641767
0.0,28.0,8.0,58.0,0.0,0.0,6.0,0.719694003729171
0.0,28.0,7.0,58.0,0.0,0.0,7.0,0.721154525702927
0.0,28.0,7.0,57.0,0.0,0.0,8.0,0.7214257027058407
0.0,27.0,7.0,58.0,0.0,0.0,8.0,0.7238170316852142
0.0,27.0,7.0,57.0,0.0,0.0,9.0,0.7250358763478767
0.0,26.0,7.0,58.0,0.0,0.0,9.0,0.7282275591316549
0.0,26.0,8.0,57.0,0.0,0.0,9.0,0.7328142099839955
0.0,25.0,8.0,58.0,0.0,0.0,9.0,0.7392035089668225
0.0,24.0,8.0,59.0,0.0,0.0,9.0,0.7415980513388353
0.0,23.0,8.0,60.0,0.0,0.0,9.0,0.7429101145803734
0.0,22.0,8.0,61.0,0.0,0.0,9.0,0.7439856569516241
0.0,21.0,8.0,62.0,0.0,0.0,9.0,0.7439941416003291
0.0,21.0,8.0,61.0,0.0,0.0,10.0,0.7482500903195329
0.0,21.0,8.0,60.0,0.0,0.0,11.0,0.7501218222355974
0.0,21.0,8.0,59.0,0.0,0.0,12.0,0.7538161486642148
0.0,21.0,8.0,58.0,0.0,0.0,13.0,0.7617584268154965
0.0,20.0,8.0,59.0,0.0,0.0,13.0,0.7635059573982582
0.0,19.0,8.0,60.0,0.0,0.0,13.0,0.7656436137484748
0.0,19.0,9.0,59.0,0.0,0.0,13.0,0.7658072997129582
0.0,18.0,9.0,60.0,0.0,0.0,13.0,0.7661951350178785
0.0,18.0,8.0,60.0,0.0,0.0,14.0,0.7695819553349637
0.0,18.0,8.0,59.0,0.0,0.0,15.0,0.7733569722601275
0.0,17.0,8.0,60.0,0.0,0.0,15.0,0.7733973095712383
0.0,17.0,8.0,59.0,0.0,0.0,16.0,0.7811367306912606
0.0,16.0,8.0,60.0,0.0,0.0,16.0,0.7836888853968
0.0,15.0,8.0,61.0,0.0,0.0,16.0,0.7849815406985582
0.0,14.0,8.0,62.0,0.0,0.0,16.0,0.7863744347358192
0.0,13.0,8.0,63.0,0.0,0.0,16.0,0.7864464564379753
0.0,12.0,8.0,64.0,0.0,0.0,16.0,0.788974868893111
0.0,12.0,9.0,63.0,0.0,0.0,16.0,0.8016030538708152
0.0,12.0,10.0,62.0,0.0,0.0,16.0,0.8016405694270226
0.0,11.0,10.0,63.0,0.0,0.0,16.0,0.8035134587226936
0.0,10.0,10.0,64.0,0.0,0.0,16.0,0.8039039966405485
0.0,9.0,10.0,65.0,0.0,0.0,16.0,0.809433410209734
0.0,8.0,10.0,66.0,0.0,0.0,16.0,0.8102807671505633
0.0,8.0,10.0,65.0,0.0,0.0,17.0,0.8122710906481817
0.0,8.0,10.0,64.0,0.0,0.0,18.0,0.8147860344282716
0.0,8.0,10.0,63.0,0.0,0.0,19.0,0.8149573789300206
0.0,8.0,11.0,62.0,0.0,0.0,19.0,0.8174583197181169
0.0,7.0,11.0,63.0,0.0,0.0,19.0,0.8259614699392965
0.0,7.0,12.0,62.0,0.0,0.0,19.0,0.8279070876463018
0.0,7.0,13.0,61.0,0.0,0.0,19.0,0.8322080734383025
0.0,6.0,13.0,62.0,0.0,0.0,19.0,0.8333096064345994
0.0,6.0,14.0,61.0,0.0,0.0,19.0,0.8392090714737662
0.0,5.0,14.0,62.0,0.0,0.0,19.0,0.8493837600142833
0.0,5.0,14.0,61.0,0.0,0.0,20.0,0.8546418578600229
0.0,5.0,15.0,60.0,0.0,0.0,20.0,0.8563794030949281
0.0,5.0,16.0,59.0,0.0,0.0,20.0,0.863772878410098
0.0,4.0,16.0,60.0,0.0,0.0,20.0,0.8643900787893396
0.0,3.0,16.0,61.0,0.0,0.0,20.0,0.8770500626312151
0.0,2.0,16.0,62.0,0.0,0.0,20.0,0.8821005338653564
0.0,2.0,17.0,61.0,0.0,0.0,20.0,0.8930914434800394
0.0,2.0,18.0,60.0,0.0,0.0,20.0,0.9205060342537027
0.0,2.0,18.0,59.0,0.0,0.0,21.0,0.9207921961195403
0.0,2.0,18.0,58.0,0.0,0.0,22.0,0.9546034348980275
0.0,2.0,18.0,57.0,0.0,0.0,23.0,0.9648931547892136
0.0,1.0,18.0,58.0,0.0,0.0,23.0,0.9649687253182864
0.0,1.0,19.0,57.0,0.0,0.0,23.0,0.9701002301687471
0.0,1.0,18.0,57.0,0.0,0.0,24.0,0.9726837681140811
0.0,0.0,18.0,58.0,0.0,0.0,24.0,0.9838374851190461
0.0,0.0,19.0,57.0,0.0,0.0,24.0,0.9914873633065846
0.0,0.0,19.0,56.0,0.0,0.0,25.0,0.997541938099455
0.0,0.0,19.0,55.0,0.0,0.0,26.0,0.999595750180285
0.0,0.0,19.0,54.0,0.0,0.0,27.0,1.0019226370569714
0.0,0.0,18.0,54.0,0.0,0.0,28.0,1.0045796122799204
0.0,0.0,18.0,53.0,0.0,0.0,29.0,1.0251730993654884
0.0,0.0,19.0,52.0,0.0,0.0,29.0,1.0275032584215382
0.0,0.0,19.0,51.0,0.0,0.0,30.0,1.0316521831631322
0.0,0.0,20.0,50.0,0.0,0.0,30.0,1.0372507736761543
0.0,0.0,20.0,49.0,0.0,0.0,31.0,1.0422260035558457
0.0,0.0,21.0,48.0,0.0,0.0,31.0,1.0482726687941688
0.0,0.0,20.0,48.0,0.0,0.0,32.0,1.0494477334337613
0.0,0.0,19.0,48.0,0.0,0.0,33.0,1.0536791738144677
0.0,0.0,19.0,47.0,0.0,0.0,34.0,1.0578763305060175
0.0,0.0,18.0,47.0,0.0,0.0,35.0,1.0805801782774038
0.0,0.0,18.0,46.0,0.0,0.0,36.0,1.0846898480759797
0.0,0.0,19.0,45.0,0.0,0.0,36.0,1.1124772139896346
0.0,0.0,19.0,44.0,0.0,0.0,37.0,1.1339438329337075
0.0,0.0,20.0,43.0,0.0,0.0,37.0,1.139114787583086
0.0,0.0,20.0,42.0,0.0,0.0,38.0,1.1575512056541284
0.0,0.0,20.0,41.0,0.0,0.0,39.0,1.1686423090232425
0.0,0.0,21.0,40.0,0.0,0.0,39.0,1.1692737679101604
0.0,0.0,22.0,39.0,0.0,0.0,39.0,1.1766413732150849
0.0,0.0,22.0,38.0,0.0,0.0,40.0,1.1793222066523905
0.0,0.0,21.0,38.0,0.0,0.0,41.0,1.1928365993386156
0.0,0.0,22.0,37.0,0.0,0.0,41.0,1.202799108558932
0.0,0.0,21.0,37.0,0.0,0.0,42.0,1.2086116704598473
0.0,0.0,21.0,36.0,0.0,0.0,43.0,1.2095422774243763
0.0,0.0,22.0,35.0,0.0,0.0,43.0,1.2098377389121004
0.0,0.0,22.0,34.0,0.0,0.0,44.0,1.2154324596563622
0.0,0.0,22.0,33.0,0.0,0.0,45.0,1.2244585995881312
0.0,0.0,23.0,32.0,0.0,0.0,45.0,1.2278997005643395
0.0,0.0,22.0,32.0,0.0,0.0,46.0,1.228484010837949
0.0,0.0,21.0,32.0,0.0,0.0,47.0,1.276339888859438
0.0,0.0,22.0,31.0,0.0,0.0,47.0,1.282870029196551
0.0,0.0,21.0,31.0,0.0,0.0,48.0,1.287174467351423
0.0,0.0,20.0,31.0,0.0,0.0,49.0,1.3080254861117095
0.0,0.0,21.0,30.0,0.0,0.0,49.0,1.3229488604308004
0.0,0.0,22.0,29.0,0.0,0.0,49.0,1.334309195997185
0.0,0.0,21.0,29.0,0.0,0.0,50.0,1.3632255763296062
0.0,0.0,20.0,29.0,0.0,0.0,51.0,1.3662605885727857
0.0,0.0,20.0,28.0,0.0,0.0,52.0,1.3706617659202007
0.0,0.0,19.0,28.0,0.0,0.0,53.0,1.4142070856064335
0.0,0.0,20.0,27.0,0.0,0.0,53.0,1.4311405175376715
0.0,0.0,20.0,26.0,0.0,0.0,54.0,1.4822868045699717
0.0,0.0,20.0,25.0,0.0,0.0,55.0,1.5002893356425893
0.0,0.0,19.0,25.0,0.0,0.0,56.0,1.557130611410903
0.0,0.0,19.0,24.0,0.0,0.0,57.0,1.5755794761092263
0.0,0.0,20.0,23.0,0.0,0.0,57.0,1.5780021476160961
0.0,0.0,19.0,23.0,0.0,0.0,58.0,1.5986112377012365
0.0,0.0,18.0,23.0,0.0,0.0,59.0,1.6004598970493367
0.0,0.0,18.0,22.0,0.0,0.0,60.0,1.6135774204775435
0.0,0.0,19.0,21.0,0.0,0.0,60.0,1.6210809250401754
0.0,0.0,20.0,20.0,0.0,0.0,60.0,1.6725487942897725
0.0,0.0,20.0,19.0,0.0,0.0,61.0,1.7211379334703865
0.0,0.0,19.0,19.0,0.0,0.0,62.0,1.7357952097863523
0.0,0.0,20.0,18.0,0.0,0.0,62.0,1.7774958709044655
0.0,0.0,20.0,17.0,0.0,0.0,63.0,1.814332825632398
0.0,0.0,20.0,16.0,0.0,0.0,64.0,1.834010412453206
0.0,0.0,21.0,15.0,0.0,0.0,64.0,1.843321646520227
0.0,0.0,20.0,15.0,0.0,0.0,65.0,1.8727269200860457
0.0,0.0,19.0,15.0,0.0,0.0,66.0,1.8823524653541714
0.0,0.0,19.0,14.0,0.0,0.0,67.0,1.8890255227725923
0.0,0.0,19.0,13.0,0.0,0.0,68.0,1.9904954546101634
0.0,0.0,20.0,12.0,0.0,0.0,68.0,2.026900312938179
0.0,0.0,19.0,12.0,0.0,0.0,69.0,2.0375468809997765
0.0,0.0,18.0,12.0,0.0,0.0,70.0,2.1238474399503793
0.0,0.0,17.0,12.0,0.0,0.0,71.0,2.173668578048109
0.0,0.0,16.0,12.0,0.0,0.0,72.0,2.215974719681252
0.0,0.0,16.0,11.0,0.0,0.0,73.0,2.2567908368787304
0.0,0.0,16.0,10.0,0.0,0.0,74.0,2.263344434925271
0.0,0.0,15.0,10.0,0.0,0.0,75.0,2.2784835567074535
0.0,0.0,16.0,9.0,0.0,0.0,75.0,2.3529046368037037
0.0,0.0,15.0,9.0,0.0,0.0,76.0,2.4002643833860717
0.0,0.0,14.0,9.0,0.0,0.0,77.0,2.442513891223529
0.0,0.0,13.0,9.0,0.0,0.0,78.0,2.549410640851143
0.0,0.0,12.0,9.0,0.0,0.0,79.0,2.6529852360033543
0.0,0.0,11.0,9.0,0.0,0.0,80.0,2.7179829569683442
0.0,0.0,12.0,8.0,0.0,0.0,80.0,2.80409245225824
0.0,0.0,11.0,8.0,0.0,0.0,81.0,2.8682952724360407
0.0,0.0,12.0,7.0,0.0,0.0,81.0,2.884700180272349
0.0,0.0,11.0,7.0,0.0,0.0,82.0,2.8880764563030867
0.0,0.0,11.0,6.0,0.0,0.0,83.0,2.898868816110712
0.0,0.0,11.0,5.0,0.0,0.0,84.0,2.9601685923790675
0.0,0.0,10.0,5.0,0.0,0.0,85.0,3.0029704633104726
0.0,0.0,10.0,4.0,0.0,0.0,86.0,3.0384738678981615
0.0,0.0,11.0,3.0,0.0,0.0,86.0,3.0675831820914126
0.0,0.0,10.0,3.0,0.0,0.0,87.0,3.1579331581335093
0.0,0.0,9.0,3.0,0.0,0.0,88.0,3.248406771959065
0.0,0.0,9.0,2.0,0.0,0.0,89.0,3.269230851165562
0.0,0.0,8.0,2.0,0.0,0.0,90.0,3.2778557260075347
0.0,0.0,7.0,2.0,0.0,0.0,91.0,3.426715542031637
0.0,0.0,8.0,1.0,0.0,0.0,91.0,3.4815878880512487
0.0,0.0,7.0,1.0,0.0,0.0,92.0,3.483345112773625
0.0,0.0,6.0,1.0,0.0,0.0,93.0,3.5178435702341857
0.0,0.0,7.0,0.0,0.0,0.0,93.0,3.569452556049471
0.0,0.0,6.0,0.0,0.0,0.0,94.0,3.7702255735764654
0.0,0.0,5.0,0.0,0.0,0.0,95.0,3.848977824117762
0.0,0.0,4.0,0.0,0.0,0.0,96.0,4.2685253925167785
0.0,0.0,3.0,0.0,0.0,0.0,97.0,4.369530620094583
0.0,0.0,2.0,0.0,0.0,0.0,98.0,4.437417562501983
0.0,0.0,1.0,0.0,0.0,0.0,99.0,4.612503313885074
0.0,0.0,0.0,0.0,0.0,0.0,100.0,5.623814560895809
