V,B,W_B,C_B,C,W,P,t
98.0,1.0,0.0,0.0,1.0,0.0,0.0,0.0
97.0,2.0,0.0,0.0,1.0,0.0,0.0,0.021390185480080256
96.0,3.0,0.0,0.0,1.0,0.0,0.0,0.03333285638466578
95.0,4.0,0.0,0.0,1.0,0.0,0.0,0.03537133570866786
94.0,5.0,0.0,0.0,1.0,0.0,0.0,0.03651226535802583
93.0,6.0,0.0,0.0,1.0,0.0,0.0,0.039075428396107566
92.0,7.0,0.0,0.0,1.0,0.0,0.0,0.04019975711179985
91.0,8.0,0.0,0.0,1.0,0.0,0.0,0.04037306861138571
90.0,9.0,0.0,0.0,1.0,0.0,0.0,0.043155026704158786
89.0,10.0,0.0,0.0,1.0,0.0,0.0,0.04341575549457515
88.0,11.0,0.0,0.0,1.0,0.0,0.0,0.04400781185133265
87.0,12.0,0.0,0.0,1.0,0.0,0.0,0.044033606747639634
86.0,13.0,0.0,0.0,1.0,0.0,0.0,0.044048802101178335
85.0,14.0,0.0,0.0,1.0,0.0,0.0,0.044980669506465516
84.0,15.0,0.0,0.0,1.0,0.0,0.0,0.04515924529711893
83.0,16.0,0.0,0.0,1.0,0.0,0.0,0.04535212630416538
82.0,17.0,0.0,0.0,1.0,0.0,0.0,0.04561856068310252
81.0,18.0,0.0,0.0,1.0,0.0,0.0,0.04596456389964098
80.0,19.0,0.0,0.0,1.0,0.0,0.0,0.047056885660127626
79.0,20.0,0.0,0.0,1.0,0.0,0.0,0.04742546774018129
78.0,21.0,0.0,0.0,1.0,0.0,0.0,0.04773224223125142
77.0,22.0,0.0,0.0,1.0,0.0,0.0,0.05171686003250072
76.0,23.0,0.0,0.0,1.0,0.0,0.0,0.05265779892442672
75.0,24.0,0.0,0.0,1.0,0.0,0.0,0.05307725796894697
74.0,25.0,0.0,0.0,1.0,0.0,0.0,0.053729080977952724
73.0,26.0,0.0,0.0,1.0,0.0,0.0,0.0546454387183955
72.0,27.0,0.0,0.0,1.0,0.0,0.0,0.05502150593585886
71.0,28.0,0.0,0.0,1.0,0.0,0.0,0.055485881677847085
70.0,29.0,0.0,0.0,1.0,0.0,0.0,0.05570523912829197
69.0,30.0,0.0,0.0,1.0,0.0,0.0,0.0564320478313961
68.0,31.0,0.0,0.0,1.0,0.0,0.0,0.056453866704069204
67.0,32.0,0.0,0.0,1.0,0.0,0.0,0.056576194994016164
66.0,33.0,0.0,0.0,1.0,0.0,0.0,0.056937166666588136
65.0,34.0,0.0,0.0,1.0,0.0,0.0,0.057499611892824584
64.0,35.0,0.0,0.0,1.0,0.0,0.0,0.05863330766321261
63.0,36.0,0.0,0.0,1.0,0.0,0.0,0.059179488835535206
62.0,37.0,0.0,0.0,1.0,0.0,0.0,0.05926820921484238
61.0,38.0,0.0,0.0,1.0,0.0,0.0,0.059406222254961755
60.0,39.0,0.0,0.0,1.0,0.0,0.0,0.060023156162999074
59.0,40.0,0.0,0.0,1.0,0.0,0.0,0.06026759514649184
58.0,41.0,0.0,0.0,1.0,0.0,0.0,0.06045588152899734
57.0,42.0,0.0,0.0,1.0,0.0,0.0,0.06074098381727428
56.0,43.0,0.0,0.0,1.0,0.0,0.0,0.06081576656255357
55.0,44.0,0.0,0.0,1.0,0.0,0.0,0.06142092822150342
54.0,45.0,0.0,0.0,1.0,0.0,0.0,0.062381297410746495
53.0,46.0,0.0,0.0,1.0,0.0,0.0,0.06263483886532169
52.0,47.0,0.0,0.0,1.0,0.0,0.0,0.06322983398610184
51.0,48.0,0.0,0.0,1.0,0.0,0.0,0.06328332584643881
50.0,49.0,0.0,0.0,1.0,0.0,0.0,0.06381690912560212
49.0,50.0,0.0,0.0,1.0,0.0,0.0,0.06397323846613917
48.0,51.0,0.0,0.0,1.0,0.0,0.0,0.06401400953943659
47.0,52.0,0.0,0.0,1.0,0.0,0.0,0.06404822134843885
46.0,53.0,0.0,0.0,1.0,0.0,0.0,0.06437354432030512
45.0,54.0,0.0,0.0,1.0,0.0,0.0,0.06537758514087981
45.0,54.0,0.0,1.0,0.0,0.0,0.0,0.06549878303218516
44.0,55.0,0.0,1.0,0.0,0.0,0.0,0.06555632985144848
43.0,56.0,0.0,1.0,0.0,0.0,0.0,0.06594836969459354
42.0,57.0,0.0,1.0,0.0,0.0,0.0,0.06667123932800133
41.0,58.0,0.0,1.0,0.0,0.0,0.0,0.06696481622074318
40.0,59.0,0.0,1.0,0.0,0.0,0.0,0.06815251415979656
39.0,60.0,0.0,1.0,0.0,0.0,0.0,0.06833363612612203
38.0,61.0,0.0,1.0,0.0,0.0,0.0,0.06836669405895052
37.0,62.0,0.0,1.0,0.0,0.0,0.0,0.06894277605772843
36.0,63.0,0.0,1.0,0.0,0.0,0.0,0.06924292132869737
35.0,64.0,0.0,1.0,0.0,0.0,0.0,0.0694289284371194
34.0,65.0,0.0,1.0,0.0,0.0,0.0,0.07030988317630246
33.0,66.0,0.0,1.0,0.0,0.0,0.0,0.07122884546171325
32.0,67.0,0.0,1.0,0.0,0.0,0.0,0.07125390119217791
31.0,68.0,0.0,1.0,0.0,0.0,0.0,0.07179637424600907
30.0,69.0,0.0,1.0,0.0,0.0,0.0,0.07214791007795543
29.0,70.0,0.0,1.0,0.0,0.0,0.0,0.07246743426732496
28.0,71.0,0.0,1.0,0.0,0.0,0.0,0.07290791118268976
27.0,72.0,0.0,1.0,0.0,0.0,0.0,0.073968860802317
26.0,73.0,0.0,1.0,0.0,0.0,0.0,0.07474169639633041
25.0,74.0,0.0,1.0,0.0,0.0,0.0,0.0750537173579872
24.0,75.0,0.0,1.0,0.0,0.0,0.0,0.07565906170257214
23.0,76.0,0.0,1.0,0.0,0.0,0.0,0.07608279830646118
22.0,77.0,0.0,1.0,0.0,0.0,0.0,0.07630559204051296
21.0,78.0,0.0,1.0,0.0,0.0,0.0,0.0763372035380345
20.0,79.0,0.0,1.0,0.0,0.0,0.0,0.07734161511939301
19.0,80.0,0.0,1.0,0.0,0.0,0.0,0.0775906617398989
18.0,81.0,0.0,1.0,0.0,0.0,0.0,0.0778866055758233
17.0,82.0,0.0,1.0,0.0,0.0,0.0,0.07899239230810208
16.0,83.0,0.0,1.0,0.0,0.0,0.0,0.07916340877417877
15.0,84.0,0.0,1.0,0.0,0.0,0.0,0.07940617877483573
14.0,85.0,0.0,1.0,0.0,0.0,0.0,0.07962725863719794
13.0,86.0,0.0,1.0,0.0,0.0,0.0,0.08003242398186253
12.0,87.0,0.0,1.0,0.0,0.0,0.0,0.08057574783476446
12.0,87.0,1.0,0.0,0.0,0.0,0.0,0.0809023457644896
11.0,88.0,1.0,0.0,0.0,0.0,0.0,0.081602219917271
10.0,89.0,1.0,0.0,0.0,0.0,0.0,0.08289527862924882
9.0,90.0,1.0,0.0,0.0,0.0,0.0,0.08439035068342288
8.0,91.0,1.0,0.0,0.0,0.0,0.0,0.08476796546924525
8.0,90.0,1.0,1.0,0.0,0.0,0.0,0.08561608923924899
7.0,91.0,1.0,1.0,0.0,0.0,0.0,0.08589808497991187
6.0,92.0,1.0,1.0,0.0,0.0,0.0,0.08613178782966187
5.0,93.0,1.0,1.0,0.0,0.0,0.0,0.0871154937737241
5.0,92.0,1.0,2.0,0.0,0.0,0.0,0.0929470997447169
4.0,93.0,1.0,2.0,0.0,0.0,0.0,0.09547446284074129
3.0,94.0,1.0,2.0,0.0,0.0,0.0,0.0966251347053166
2.0,95.0,1.0,2.0,0.0,0.0,0.0,0.09888246803132962
2.0,94.0,1.0,3.0,0.0,0.0,0.0,0.09921922053119156
1.0,95.0,1.0,3.0,0.0,0.0,0.0,0.10153559449999502
0.0,96.0,1.0,3.0,0.0,0.0,0.0,0.10223635210122428
0.0,95.0,1.0,4.0,0.0,0.0,0.0,0.10350733762200529
0.0,94.0,1.0,5.0,0.0,0.0,0.0,0.11409859893599092
0.0,93.0,1.0,6.0,0.0,0.0,0.0,0.13010358869339164
0.0,92.0,1.0,7.0,0.0,0.0,0.0,0.13484154768001563
0.0,91.0,1.0,8.0,0.0,0.0,0.0,0.14065844898670077
0.0,90.0,1.0,9.0,0.0,0.0,0.0,0.1491339912911883
0.0,90.0,2.0,8.0,0.0,0.0,0.0,0.15138100456788725
0.0,89.0,2.0,9.0,0.0,0.0,0.0,0.15228422754451137
0.0,89.0,2.0,8.0,0.0,0.0,1.0,0.15356939776705147
0.0,88.0,2.0,9.0,0.0,0.0,1.0,0.1547743431011198
0.0,87.0,2.0,10.0,0.0,0.0,1.0,0.15675091540195693
0.0,86.0,2.0,11.0,0.0,0.0,1.0,0.1692628394579419
0.0,85.0,2.0,12.0,0.0,0.0,1.0,0.17214036621451748
0.0,84.0,2.0,13.0,0.0,0.0,1.0,0.1813399619790475
0.0,83.0,2.0,14.0,0.0,0.0,1.0,0.1817256936656673
0.0,82.0,2.0,15.0,0.0,0.0,1.0,0.18315921864960702
0.0,81.0,2.0,16.0,0.0,0.0,1.0,0.18565312075288148
0.0,81.0,2.0,15.0,0.0,0.0,2.0,0.1876690659490328
0.0,80.0,2.0,16.0,0.0,0.0,2.0,0.1922348144133623
0.0,79.0,2.0,17.0,0.0,0.0,2.0,0.19409054258251762
0.0,78.0,2.0,18.0,0.0,0.0,2.0,0.20257051645672156
0.0,77.0,2.0,19.0,0.0,0.0,2.0,0.20870210782128723
0.0,76.0,2.0,20.0,0.0,0.0,2.0,0.21975178303771825
0.0,75.0,2.0,21.0,0.0,0.0,2.0,0.22605207466351446
0.0,75.0,2.0,20.0,0.0,0.0,3.0,0.2309611274371221
0.0,74.0,2.0,21.0,0.0,0.0,3.0,0.23262718847378183
0.0,73.0,2.0,22.0,0.0,0.0,3.0,0.2469978253139812
0.0,72.0,2.0,23.0,0.0,0.0,3.0,0.2484447196165258
0.0,71.0,2.0,24.0,0.0,0.0,3.0,0.2500862930414278
0.0,70.0,2.0,25.0,0.0,0.0,3.0,0.261567882812969
0.0,69.0,2.0,26.0,0.0,0.0,3.0,0.2708302504879076
0.0,69.0,2.0,25.0,0.0,0.0,4.0,0.27530008479482115
0.0,68.0,2.0,26.0,0.0,0.0,4.0,0.2813663633386876
0.0,67.0,2.0,27.0,0.0,0.0,4.0,0.28907892055032003
0.0,66.0,2.0,28.0,0.0,0.0,4.0,0.2951285371294527
0.0,65.0,2.0,29.0,0.0,0.0,4.0,0.2985268329859725
0.0,64.0,2.0,30.0,0.0,0.0,4.0,0.3091191363985556
0.0,63.0,2.0,31.0,0.0,0.0,4.0,0.3218411247288943
0.0,62.0,2.0,32.0,0.0,0.0,4.0,0.3246477763620566
0.0,61.0,2.0,33.0,0.0,0.0,4.0,0.32556386290560985
0.0,60.0,2.0,34.0,0.0,0.0,4.0,0.3432793173079794
0.0,60.0,3.0,33.0,0.0,0.0,4.0,0.34697616732314657
0.0,60.0,3.0,32.0,0.0,0.0,5.0,0.348797973957409
0.0,59.0,3.0,33.0,0.0,0.0,5.0,0.3498016428446359
0.0,58.0,3.0,34.0,0.0,0.0,5.0,0.3538186184471324
0.0,57.0,3.0,35.0,0.0,0.0,5.0,0.3573973885359869
0.0,57.0,3.0,34.0,0.0,0.0,6.0,0.35900969221251555
0.0,56.0,3.0,35.0,0.0,0.0,6.0,0.3692368570828142
0.0,55.0,3.0,36.0,0.0,0.0,6.0,0.388005560215937
0.0,54.0,3.0,37.0,0.0,0.0,6.0,0.3895404534478998
0.0,54.0,3.0,36.0,0.0,0.0,7.0,0.38996566228926355
0.0,54.0,4.0,35.0,0.0,0.0,7.0,0.39196969517346447
0.0,53.0,4.0,36.0,0.0,0.0,7.0,0.3928146875047208
0.0,52.0,4.0,37.0,0.0,0.0,7.0,0.39829189489153666
0.0,51.0,4.0,38.0,0.0,0.0,7.0,0.4014855975681685
0.0,50.0,4.0,39.0,0.0,0.0,7.0,0.4074304043536081
0.0,50.0,5.0,38.0,0.0,0.0,7.0,0.4080206446874769
0.0,49.0,5.0,39.0,0.0,0.0,7.0,0.4129771348477584
0.0,49.0,6.0,38.0,0.0,0.0,7.0,0.41320565697853007
0.0,48.0,6.0,39.0,0.0,0.0,7.0,0.41332858502910996
0.0,47.0,6.0,40.0,0.0,0.0,7.0,0.41455285575400075
0.0,46.0,6.0,41.0,0.0,0.0,7.0,0.4295068643107306
0.0,45.0,6.0,42.0,0.0,0.0,7.0,0.4318521045320226
0.0,44.0,6.0,43.0,0.0,0.0,7.0,0.43383879161767747
0.0,43.0,6.0,44.0,0.0,0.0,7.0,0.4390733970409443
0.0,42.0,6.0,45.0,0.0,0.0,7.0,0.44071397773340854
0.0,41.0,6.0,46.0,0.0,0.0,7.0,0.44247999425268647
0.0,40.0,6.0,47.0,0.0,0.0,7.0,0.4468761081649866
0.0,40.0,6.0,46.0,0.0,0.0,8.0,0.44701500954948303
0.0,39.0,6.0,47.0,0.0,0.0,8.0,0.4482527137358274
0.0,38.0,6.0,48.0,0.0,0.0,8.0,0.44953092548994766
0.0,38.0,7.0,47.0,0.0,0.0,8.0,0.4512449351169964
0.0,37.0,7.0,48.0,0.0,0.0,8.0,0.4526768552762392
0.0,36.0,7.0,49.0,0.0,0.0,8.0,0.4535377314347997
0.0,36.0,8.0,48.0,0.0,0.0,8.0,0.4535449437332938
0.0,35.0,8.0,49.0,0.0,0.0,8.0,0.46438104796605434
0.0,34.0,8.0,50.0,0.0,0.0,8.0,0.46516299739217676
0.0,33.0,8.0,51.0,0.0,0.0,8.0,0.47305568193993175
0.0,32.0,8.0,52.0,0.0,0.0,8.0,0.4859830625173486
0.0,31.0,8.0,53.0,0.0,0.0,8.0,0.49558652037539
0.0,31.0,9.0,52.0,0.0,0.0,8.0,0.5007757866158571
0.0,31.0,10.0,51.0,0.0,0.0,8.0,0.5012079925852228
0.0,30.0,10.0,52.0,0.0,0.0,8.0,0.501806425819477
0.0,29.0,10.0,53.0,0.0,0.0,8.0,0.5021062993062168
0.0,29.0,11.0,52.0,0.0,0.0,8.0,0.5035452492959881
0.0,29.0,12.0,51.0,0.0,0.0,8.0,0.5056956822977889
0.0,28.0,12.0,52.0,0.0,0.0,8.0,0.5078594460427969
0.0,27.0,12.0,53.0,0.0,0.0,8.0,0.5147850409367886
0.0,26.0,12.0,54.0,0.0,0.0,8.0,0.5165253668070972
0.0,25.0,12.0,55.0,0.0,0.0,8.0,0.5181482356796379
0.0,24.0,12.0,56.0,0.0,0.0,8.0,0.5234433296190928
0.0,23.0,12.0,57.0,0.0,0.0,8.0,0.5263032923666371
0.0,22.0,12.0,58.0,0.0,0.0,8.0,0.5290279408874886
0.0,21.0,12.0,59.0,0.0,0.0,8.0,0.5311608029813405
0.0,20.0,12.0,60.0,0.0,0.0,8.0,0.5320223402640882
0.0,20.0,12.0,59.0,0.0,0.0,9.0,0.5394339194303225
0.0,20.0,13.0,58.0,0.0,0.0,9.0,0.5400257824095017
0.0,20.0,12.0,58.0,0.0,0.0,10.0,0.5406807336182111
0.0,19.0,12.0,59.0,0.0,0.0,10.0,0.5453760901490521
0.0,19.0,13.0,58.0,0.0,0.0,10.0,0.5467552447322969
0.0,18.0,13.0,59.0,0.0,0.0,10.0,0.5551647150018353
0.0,17.0,13.0,60.0,0.0,0.0,10.0,0.5587114662171424
0.0,16.0,13.0,61.0,0.0,0.0,10.0,0.5634696585815409
0.0,15.0,13.0,62.0,0.0,0.0,10.0,0.5673699825919132
0.0,14.0,13.0,63.0,0.0,0.0,10.0,0.5771480653458656
0.0,14.0,14.0,62.0,0.0,0.0,10.0,0.5795937840550601
0.0,13.0,14.0,63.0,0.0,0.0,10.0,0.5885483635528571
0.0,13.0,14.0,62.0,0.0,0.0,11.0,0.5895476694292152
0.0,13.0,15.0,61.0,0.0,0.0,11.0,0.593228487580094
0.0,12.0,15.0,62.0,0.0,0.0,11.0,0.5937290782509544
0.0,11.0,15.0,63.0,0.0,0.0,11.0,0.5957040471862379
0.0,10.0,15.0,64.0,0.0,0.0,11.0,0.602844120537818
0.0,10.0,16.0,63.0,0.0,0.0,11.0,0.607777807967633
0.0,9.0,16.0,64.0,0.0,0.0,11.0,0.6082486210190003
0.0,8.0,16.0,65.0,0.0,0.0,11.0,0.6090950530549272
0.0,7.0,16.0,66.0,0.0,0.0,11.0,0.6107098145672087
0.0,6.0,16.0,67.0,0.0,0.0,11.0,0.6148296166148984
0.0,5.0,16.0,68.0,0.0,0.0,11.0,0.6184443575548606
0.0,4.0,16.0,69.0,0.0,0.0,11.0,0.6185432524879498
0.0,4.0,16.0,68.0,0.0,0.0,12.0,0.6193679455628426
0.0,3.0,16.0,69.0,0.0,0.0,12.0,0.6272389221167268
0.0,3.0,16.0,68.0,0.0,0.0,13.0,0.6527298766269853
0.0,2.0,16.0,69.0,0.0,0.0,13.0,0.6544234028198272
0.0,2.0,16.0,68.0,0.0,0.0,14.0,0.6574454538653123
0.0,2.0,17.0,67.0,0.0,0.0,14.0,0.6959162972690953
0.0,2.0,16.0,67.0,0.0,0.0,15.0,0.6969480666420026
0.0,2.0,17.0,66.0,0.0,0.0,15.0,0.7016143971296809
0.0,1.0,17.0,67.0,0.0,0.0,15.0,0.7025921935235533
0.0,0.0,17.0,68.0,0.0,0.0,15.0,0.7256688658127273
0.0,0.0,18.0,67.0,0.0,0.0,15.0,0.7478413314831376
0.0,0.0,18.0,66.0,0.0,0.0,16.0,0.7508194039455417
0.0,0.0,19.0,65.0,0.0,0.0,16.0,0.7676616068478254
0.0,0.0,19.0,64.0,0.0,0.0,17.0,0.769483637834527
0.0,0.0,18.0,64.0,0.0,0.0,18.0,0.780044795535697
0.0,0.0,18.0,63.0,0.0,0.0,19.0,0.7824267624696591
0.0,0.0,19.0,62.0,0.0,0.0,19.0,0.7915175005808264
0.0,0.0,19.0,61.0,0.0,0.0,20.0,0.849822116402475
0.0,0.0,18.0,61.0,0.0,0.0,21.0,0.8552391847797016
0.0,0.0,18.0,60.0,0.0,0.0,22.0,0.8576048803822516
0.0,0.0,19.0,59.0,0.0,0.0,22.0,0.8577097545221026
0.0,0.0,19.0,58.0,0.0,0.0,23.0,0.877703563031769
0.0,0.0,19.0,57.0,0.0,0.0,24.0,0.8987350917667701
0.0,0.0,18.0,57.0,0.0,0.0,25.0,0.9047733546443802
0.0,0.0,19.0,56.0,0.0,0.0,25.0,0.9091188328926901
0.0,0.0,20.0,55.0,0.0,0.0,25.0,0.9485256093381667
0.0,0.0,19.0,55.0,0.0,0.0,26.0,0.9586357591441105
0.0,0.0,19.0,54.0,0.0,0.0,27.0,0.9751097362487625
0.0,0.0,20.0,53.0,0.0,0.0,27.0,0.9796907262778862
0.0,0.0,21.0,52.0,0.0,0.0,27.0,0.9848402676372456
0.0,0.0,21.0,51.0,0.0,0.0,28.0,1.0040200377325785
0.0,0.0,22.0,50.0,0.0,0.0,28.0,1.0047716290420228
0.0,0.0,22.0,49.0,0.0,0.0,29.0,1.012609456369897
0.0,0.0,23.0,48.0,0.0,0.0,29.0,1.0295688711302649
0.0,0.0,24.0,47.0,0.0,0.0,29.0,1.0350356618651635
0.0,0.0,24.0,46.0,0.0,0.0,30.0,1.0677443058535014
0.0,0.0,24.0,45.0,0.0,0.0,31.0,1.071147789500221
0.0,0.0,25.0,44.0,0.0,0.0,31.0,1.077391893811594
0.0,0.0,26.0,43.0,0.0,0.0,31.0,1.0954849295894677
0.0,0.0,25.0,43.0,0.0,0.0,32.0,1.1155876370962492
0.0,0.0,25.0,42.0,0.0,0.0,33.0,1.120331475976007
0.0,0.0,25.0,41.0,0.0,0.0,34.0,1.128890116359541
0.0,0.0,24.0,41.0,0.0,0.0,35.0,1.132740883535745
0.0,0.0,25.0,40.0,0.0,0.0,35.0,1.1372430367495343
0.0,0.0,24.0,40.0,0.0,0.0,36.0,1.1372689518840682
0.0,0.0,25.0,39.0,0.0,0.0,36.0,1.1432872874718925
0.0,0.0,25.0,38.0,0.0,0.0,37.0,1.1457318278029065
0.0,0.0,24.0,38.0,0.0,0.0,38.0,1.1492980635171413
0.0,0.0,25.0,37.0,0.0,0.0,38.0,1.1729289833256944
0.0,0.0,26.0,36.0,0.0,0.0,38.0,1.2002845235583446
0.0,0.0,26.0,35.0,0.0,0.0,39.0,1.2152135722396948
0.0,0.0,27.0,34.0,0.0,0.0,39.0,1.223534220119808
0.0,0.0,26.0,34.0,0.0,0.0,40.0,1.2248631375204841
0.0,0.0,26.0,33.0,0.0,0.0,41.0,1.228334506024667
0.0,0.0,26.0,32.0,0.0,0.0,42.0,1.231695542659561
0.0,0.0,25.0,32.0,0.0,0.0,43.0,1.2322471118637819
0.0,0.0,25.0,31.0,0.0,0.0,44.0,1.2333733606609047
0.0,0.0,25.0,30.0,0.0,0.0,45.0,1.2383485758610164
0.0,0.0,26.0,29.0,0.0,0.0,45.0,1.2509479747539325
0.0,0.0,25.0,29.0,0.0,0.0,46.0,1.2538041220529201
0.0,0.0,25.0,28.0,0.0,0.0,47.0,1.2697400848210962
0.0,0.0,24.0,28.0,0.0,0.0,48.0,1.2870284712272113
0.0,0.0,24.0,27.0,0.0,0.0,49.0,1.294815869761625
0.0,0.0,23.0,27.0,0.0,0.0,50.0,1.3124202942632583
0.0,0.0,22.0,27.0,0.0,0.0,51.0,1.3326661493333312
0.0,0.0,22.0,26.0,0.0,0.0,52.0,1.3386144585698683
0.0,0.0,21.0,26.0,0.0,0.0,53.0,1.3769949952704434
0.0,0.0,20.0,26.0,0.0,0.0,54.0,1.391477025448717
0.0,0.0,19.0,26.0,0.0,0.0,55.0,1.3921383456188032
0.0,0.0,18.0,26.0,0.0,0.0,56.0,1.4144894985281644
0.0,0.0,17.0,26.0,0.0,0.0,57.0,1.4230149001805439
0.0,0.0,17.0,25.0,0.0,0.0,58.0,1.4309991025775706
0.0,0.0,16.0,25.0,0.0,0.0,59.0,1.509422329105719
0.0,0.0,15.0,25.0,0.0,0.0,60.0,1.5271748653289787
0.0,0.0,14.0,25.0,0.0,0.0,61.0,1.5400689887210741
0.0,0.0,13.0,25.0,0.0,0.0,62.0,1.5571582847848058
0.0,0.0,14.0,24.0,0.0,0.0,62.0,1.6197830713726225
0.0,0.0,15.0,23.0,0.0,0.0,62.0,1.6243319625294936
0.0,0.0,16.0,22.0,0.0,0.0,62.0,1.6354491689400108
0.0,0.0,15.0,22.0,0.0,0.0,63.0,1.6835886843146388
0.0,0.0,14.0,22.0,0.0,0.0,64.0,1.70143643437857
0.0,0.0,14.0,21.0,0.0,0.0,65.0,1.7056260028974797
0.0,0.0,14.0,20.0,0.0,0.0,66.0,1.706523674170381
0.0,0.0,14.0,19.0,0.0,0.0,67.0,1.733734953758502
0.0,0.0,15.0,18.0,0.0,0.0,67.0,1.766578389743474
0.0,0.0,15.0,17.0,0.0,0.0,68.0,1.7741593339906587
0.0,0.0,14.0,17.0,0.0,0.0,69.0,1.7851323571196802
0.0,0.0,13.0,17.0,0.0,0.0,70.0,1.7942161116401423
0.0,0.0,12.0,17.0,0.0,0.0,71.0,1.794938799732876
0.0,0.0,12.0,16.0,0.0,0.0,72.0,1.813962985250803
0.0,0.0,12.0,15.0,0.0,0.0,73.0,1.8334201582203158
0.0,0.0,13.0,14.0,0.0,0.0,73.0,1.999103705359405
0.0,0.0,13.0,13.0,0.0,0.0,74.0,2.0278439290532613
0.0,0.0,14.0,12.0,0.0,0.0,74.0,2.0754254651077306
0.0,0.0,14.0,11.0,0.0,0.0,75.0,2.085768564924646
0.0,0.0,13.0,11.0,0.0,0.0,76.0,2.1185709790782616
0.0,0.0,12.0,11.0,0.0,0.0,77.0,2.191146668041785
0.0,0.0,12.0,10.0,0.0,0.0,78.0,2.402203248455247
0.0,0.0,12.0,9.0,0.0,0.0,79.0,2.4098353218804736
0.0,0.0,12.0,8.0,0.0,0.0,80.0,2.4269471331453967
0.0,0.0,12.0,7.0,0.0,0.0,81.0,2.4894909595243764
0.0,0.0,13.0,6.0,0.0,0.0,81.0,2.4979773421213682
0.0,0.0,12.0,6.0,0.0,0.0,82.0,2.510920112093443
0.0,0.0,13.0,5.0,0.0,0.0,82.0,2.5143050928573767
0.0,0.0,12.0,5.0,0.0,0.0,83.0,2.5721249051427084
0.0,0.0,11.0,5.0,0.0,0.0,84.0,2.6032673504926027
0.0,0.0,10.0,5.0,0.0,0.0,85.0,2.6624744656056882
0.0,0.0,9.0,5.0,0.0,0.0,86.0,2.7746271273231304
0.0,0.0,8.0,5.0,0.0,0.0,87.0,2.958917892425305
0.0,0.0,7.0,5.0,0.0,0.0,88.0,3.0077472563881553
0.0,0.0,7.0,4.0,0.0,0.0,89.0,3.0532715384372655
0.0,0.0,7.0,3.0,0.0,0.0,90.0,3.1164562434549845
0.0,0.0,6.0,3.0,0.0,0.0,91.0,3.1616303570624025
0.0,0.0,5.0,3.0,0.0,0.0,92.0,3.2584396448654496
0.0,0.0,4.0,3.0,0.0,0.0,93.0,3.314239342850346
0.0,0.0,5.0,2.0,0.0,0.0,93.0,3.4616859792974846
0.0,0.0,4.0,2.0,0.0,0.0,94.0,3.4974335102819776
0.0,0.0,3.0,2.0,0.0,0.0,95.0,3.74448427650923
0.0,0.0,3.0,1.0,0.0,0.0,96.0,4.182233515995451
0.0,0.0,2.0,1.0,0.0,0.0,97.0,4.195693394345016
0.0,0.0,1.0,1.0,0.0,0.0,98.0,5.1382742624560676
0.0,0.0,2.0,0.0,0.0,0.0,98.0,5.280749195549509
0.0,0.0,1.0,0.0,0.0,0.0,99.0,5.885062539070916
0.0,0.0,0.0,0.0,0.0,0.0,100.0,8.215113440233623
