V,B,W_B,C_B,C,W,P,t
98.0,1.0,0.0,0.0,1.0,0.0,0.0,0.0
97.0,2.0,0.0,0.0,1.0,0.0,0.0,0.006352613735796903
97.0,2.0,0.0,0.0,0.0,0.0,1.0,0.006724255078225759
96.0,3.0,0.0,0.0,0.0,0.0,1.0,0.012013141792649801
95.0,4.0,0.0,0.0,0.0,0.0,1.0,0.014283566391378368
94.0,5.0,0.0,0.0,0.0,0.0,1.0,0.0153903543103438
93.0,6.0,0.0,0.0,0.0,0.0,1.0,0.016837707117003192
92.0,7.0,0.0,0.0,0.0,0.0,1.0,0.017687002893588433
91.0,8.0,0.0,0.0,0.0,0.0,1.0,0.01805473207788945
90.0,9.0,0.0,0.0,0.0,0.0,1.0,0.020952787648835153
89.0,10.0,0.0,0.0,0.0,0.0,1.0,0.022382620796919366
88.0,11.0,0.0,0.0,0.0,0.0,1.0,0.02253625162471531
87.0,12.0,0.0,0.0,0.0,0.0,1.0,0.02294912864819989
86.0,13.0,0.0,0.0,0.0,0.0,1.0,0.02342070963666745
85.0,14.0,0.0,0.0,0.0,0.0,1.0,0.02348641907319884
84.0,15.0,0.0,0.0,0.0,0.0,1.0,0.024320962042868557
83.0,16.0,0.0,0.0,0.0,0.0,1.0,0.025591995311095173
82.0,17.0,0.0,0.0,0.0,0.0,1.0,0.027594456045537025
81.0,18.0,0.0,0.0,0.0,0.0,1.0,0.02778310506188867
80.0,19.0,0.0,0.0,0.0,0.0,1.0,0.027862715490606402
79.0,20.0,0.0,0.0,0.0,0.0,1.0,0.02841093869588568
78.0,21.0,0.0,0.0,0.0,0.0,1.0,0.028538232922465448
77.0,22.0,0.0,0.0,0.0,0.0,1.0,0.028928028520855877
76.0,23.0,0.0,0.0,0.0,0.0,1.0,0.029716851666531898
75.0,24.0,0.0,0.0,0.0,0.0,1.0,0.030024922555855676
74.0,25.0,0.0,0.0,0.0,0.0,1.0,0.030280143889944468
73.0,26.0,0.0,0.0,0.0,0.0,1.0,0.03075500748568979
72.0,27.0,0.0,0.0,0.0,0.0,1.0,0.031082545612876815
71.0,28.0,0.0,0.0,0.0,0.0,1.0,0.03156836717061139
70.0,29.0,0.0,0.0,0.0,0.0,1.0,0.031989384042896994
69.0,30.0,0.0,0.0,0.0,0.0,1.0,0.03203414114440398
68.0,31.0,0.0,0.0,0.0,0.0,1.0,0.03214416569069818
67.0,32.0,0.0,0.0,0.0,0.0,1.0,0.03234988176687653
66.0,33.0,0.0,0.0,0.0,0.0,1.0,0.03251385799393494
65.0,34.0,0.0,0.0,0.0,0.0,1.0,0.03287108004790544
64.0,35.0,0.0,0.0,0.0,0.0,1.0,0.03297096195277522
63.0,36.0,0.0,0.0,0.0,0.0,1.0,0.03309292117985385
62.0,37.0,0.0,0.0,0.0,0.0,1.0,0.03309323145086975
61.0,38.0,0.0,0.0,0.0,0.0,1.0,0.03345784891058649
60.0,39.0,0.0,0.0,0.0,0.0,1.0,0.03363334843158475
59.0,40.0,0.0,0.0,0.0,0.0,1.0,0.033993095397527366
58.0,41.0,0.0,0.0,0.0,0.0,1.0,0.03409780024018961
57.0,42.0,0.0,0.0,0.0,0.0,1.0,0.034185729752103294
56.0,43.0,0.0,0.0,0.0,0.0,1.0,0.03431124379791848
55.0,44.0,0.0,0.0,0.0,0.0,1.0,0.034377463005999656
54.0,45.0,0.0,0.0,0.0,0.0,1.0,0.034723982600148764
53.0,46.0,0.0,0.0,0.0,0.0,1.0,0.035343057738416526
52.0,47.0,0.0,0.0,0.0,0.0,1.0,0.035417334916952446
51.0,48.0,0.0,0.0,0.0,0.0,1.0,0.035620430629430946
50.0,49.0,0.0,0.0,0.0,0.0,1.0,0.03588511976019457
49.0,50.0,0.0,0.0,0.0,0.0,1.0,0.03654082098297115
48.0,51.0,0.0,0.0,0.0,0.0,1.0,0.03674523055630751
47.0,52.0,0.0,0.0,0.0,0.0,1.0,0.03756133017417022
46.0,53.0,0.0,0.0,0.0,0.0,1.0,0.03776475472515772
45.0,54.0,0.0,0.0,0.0,0.0,1.0,0.03785828030856754
44.0,55.0,0.0,0.0,0.0,0.0,1.0,0.03876195130045435
43.0,56.0,0.0,0.0,0.0,0.0,1.0,0.03892011334959092
42.0,57.0,0.0,0.0,0.0,0.0,1.0,0.039567181642029436
41.0,58.0,0.0,0.0,0.0,0.0,1.0,0.03969997172629352
40.0,59.0,0.0,0.0,0.0,0.0,1.0,0.04128924408298832
39.0,60.0,0.0,0.0,0.0,0.0,1.0,0.04172334397911431
38.0,61.0,0.0,0.0,0.0,0.0,1.0,0.04201629566986869
37.0,62.0,0.0,0.0,0.0,0.0,1.0,0.0423759070920441
36.0,63.0,0.0,0.0,0.0,0.0,1.0,0.042681486837165994
35.0,64.0,0.0,0.0,0.0,0.0,1.0,0.04351329808179013
34.0,65.0,0.0,0.0,0.0,0.0,1.0,0.0442053014983094
33.0,66.0,0.0,0.0,0.0,0.0,1.0,0.04521547149949236
32.0,67.0,0.0,0.0,0.0,0.0,1.0,0.04522811285763256
31.0,68.0,0.0,0.0,0.0,0.0,1.0,0.0452640953632373
30.0,69.0,0.0,0.0,0.0,0.0,1.0,0.04557200052385173
29.0,70.0,0.0,0.0,0.0,0.0,1.0,0.046133132381842974
28.0,71.0,0.0,0.0,0.0,0.0,1.0,0.04722255899775065
27.0,72.0,0.0,0.0,0.0,0.0,1.0,0.047483264743709175
26.0,73.0,0.0,0.0,0.0,0.0,1.0,0.04806148214748481
25.0,74.0,0.0,0.0,0.0,0.0,1.0,0.048075814274634546
24.0,75.0,0.0,0.0,0.0,0.0,1.0,0.04816861028571293
23.0,76.0,0.0,0.0,0.0,0.0,1.0,0.049375128510447855
22.0,77.0,0.0,0.0,0.0,0.0,1.0,0.049534810721931895
21.0,78.0,0.0,0.0,0.0,0.0,1.0,0.050570479181901544
20.0,79.0,0.0,0.0,0.0,0.0,1.0,0.050593199051049066
19.0,80.0,0.0,0.0,0.0,0.0,1.0,0.050744912225147334
18.0,81.0,0.0,0.0,0.0,0.0,1.0,0.05092373065717767
17.0,82.0,0.0,0.0,0.0,0.0,1.0,0.051402423573763886
16.0,83.0,0.0,0.0,0.0,0.0,1.0,0.051589158985230484
15.0,84.0,0.0,0.0,0.0,0.0,1.0,0.052089532731475076
14.0,85.0,0.0,0.0,0.0,0.0,1.0,0.05365267917934882
13.0,86.0,0.0,0.0,0.0,0.0,1.0,0.05506385114604111
12.0,87.0,0.0,0.0,0.0,0.0,1.0,0.05510457637807226
11.0,88.0,0.0,0.0,0.0,0.0,1.0,0.0567438534402249
10.0,89.0,0.0,0.0,0.0,0.0,1.0,0.06002608057661991
9.0,90.0,0.0,0.0,0.0,0.0,1.0,0.06063249263267412
8.0,91.0,0.0,0.0,0.0,0.0,1.0,0.061427609575290275
7.0,92.0,0.0,0.0,0.0,0.0,1.0,0.06558434648502044
6.0,93.0,0.0,0.0,0.0,0.0,1.0,0.06583148956156952
5.0,94.0,0.0,0.0,0.0,0.0,1.0,0.06998356764030042
4.0,95.0,0.0,0.0,0.0,0.0,1.0,0.0725290622629908
3.0,96.0,0.0,0.0,0.0,0.0,1.0,0.07298651836225777
2.0,97.0,0.0,0.0,0.0,0.0,1.0,0.07406553925742933
1.0,98.0,0.0,0.0,0.0,0.0,1.0,0.08297246908106777
0.0,99.0,0.0,0.0,0.0,0.0,1.0,0.08633636580619113
