V,B,W_B,C_B,C,W,P,t
98.0,1.0,0.0,0.0,1.0,0.0,0.0,0.0
97.0,2.0,0.0,0.0,1.0,0.0,0.0,0.003663552254067184
96.0,3.0,0.0,0.0,1.0,0.0,0.0,0.00390806414615837
95.0,4.0,0.0,0.0,1.0,0.0,0.0,0.004969671651908444
94.0,5.0,0.0,0.0,1.0,0.0,0.0,0.005346426667386
93.0,6.0,0.0,0.0,1.0,0.0,0.0,0.012523045340351358
92.0,7.0,0.0,0.0,1.0,0.0,0.0,0.014900474205693416
91.0,8.0,0.0,0.0,1.0,0.0,0.0,0.015386280538999712
90.0,9.0,0.0,0.0,1.0,0.0,0.0,0.016785713988230172
89.0,10.0,0.0,0.0,1.0,0.0,0.0,0.016945144982400608
88.0,11.0,0.0,0.0,1.0,0.0,0.0,0.01807865033746177
87.0,12.0,0.0,0.0,1.0,0.0,0.0,0.018131905412456715
86.0,13.0,0.0,0.0,1.0,0.0,0.0,0.018252093760552243
85.0,14.0,0.0,0.0,1.0,0.0,0.0,0.018900153514733908
84.0,15.0,0.0,0.0,1.0,0.0,0.0,0.019339173266248292
83.0,16.0,0.0,0.0,1.0,0.0,0.0,0.01940625219935024
82.0,17.0,0.0,0.0,1.0,0.0,0.0,0.020587569781261715
81.0,18.0,0.0,0.0,1.0,0.0,0.0,0.021142755485213723
80.0,19.0,0.0,0.0,1.0,0.0,0.0,0.021951846566324863
79.0,20.0,0.0,0.0,1.0,0.0,0.0,0.022220679253803954
78.0,21.0,0.0,0.0,1.0,0.0,0.0,0.022243042637418563
77.0,22.0,0.0,0.0,1.0,0.0,0.0,0.022559523155865194
76.0,23.0,0.0,0.0,1.0,0.0,0.0,0.023706567711343104
75.0,24.0,0.0,0.0,1.0,0.0,0.0,0.024371494396696947
74.0,25.0,0.0,0.0,1.0,0.0,0.0,0.02561632893466822
73.0,26.0,0.0,0.0,1.0,0.0,0.0,0.026325618663018302
72.0,27.0,0.0,0.0,1.0,0.0,0.0,0.026623893157046767
71.0,28.0,0.0,0.0,1.0,0.0,0.0,0.026725779509559233
70.0,29.0,0.0,0.0,1.0,0.0,0.0,0.028652400253327864
69.0,30.0,0.0,0.0,1.0,0.0,0.0,0.02911951524846416
68.0,31.0,0.0,0.0,1.0,0.0,0.0,0.02918918972683429
67.0,32.0,0.0,0.0,1.0,0.0,0.0,0.029269268261909405
66.0,33.0,0.0,0.0,1.0,0.0,0.0,0.029404623819384485
65.0,34.0,0.0,0.0,1.0,0.0,0.0,0.029409603249838184
64.0,35.0,0.0,0.0,1.0,0.0,0.0,0.030378011408614233
63.0,36.0,0.0,0.0,1.0,0.0,0.0,0.03052895967404301
62.0,37.0,0.0,0.0,1.0,0.0,0.0,0.03064230429311917
61.0,38.0,0.0,0.0,1.0,0.0,0.0,0.03131762622634781
60.0,39.0,0.0,0.0,1.0,0.0,0.0,0.031486953967242756
59.0,40.0,0.0,0.0,1.0,0.0,0.0,0.03185134494153377
58.0,41.0,0.0,0.0,1.0,0.0,0.0,0.032681986936483075
57.0,42.0,0.0,0.0,1.0,0.0,0.0,0.033313642686704475
56.0,43.0,0.0,0.0,1.0,0.0,0.0,0.03417404878989372
55.0,44.0,0.0,0.0,1.0,0.0,0.0,0.03436476479654273
54.0,45.0,0.0,0.0,1.0,0.0,0.0,0.03436944246084533
53.0,46.0,0.0,0.0,1.0,0.0,0.0,0.03452591867963899
52.0,47.0,0.0,0.0,1.0,0.0,0.0,0.035094831901318936
51.0,48.0,0.0,0.0,1.0,0.0,0.0,0.03564364183839265
50.0,49.0,0.0,0.0,1.0,0.0,0.0,0.036104708319753175
49.0,50.0,0.0,0.0,1.0,0.0,0.0,0.03649218290947169
48.0,51.0,0.0,0.0,1.0,0.0,0.0,0.036634679315479785
47.0,52.0,0.0,0.0,1.0,0.0,0.0,0.0366573717769661
46.0,53.0,0.0,0.0,1.0,0.0,0.0,0.037413557171015674
45.0,54.0,0.0,0.0,1.0,0.0,0.0,0.03741448786747984
44.0,55.0,0.0,0.0,1.0,0.0,0.0,0.037433608278525106
43.0,56.0,0.0,0.0,1.0,0.0,0.0,0.03796121421663167
42.0,57.0,0.0,0.0,1.0,0.0,0.0,0.03836782007563174
41.0,58.0,0.0,0.0,1.0,0.0,0.0,0.03840197812859268
40.0,59.0,0.0,0.0,1.0,0.0,0.0,0.03843442724588024
39.0,60.0,0.0,0.0,1.0,0.0,0.0,0.03934561556192382
38.0,61.0,0.0,0.0,1.0,0.0,0.0,0.039372467607408555
37.0,62.0,0.0,0.0,1.0,0.0,0.0,0.03955777118245529
36.0,63.0,0.0,0.0,1.0,0.0,0.0,0.04005610057942545
35.0,64.0,0.0,0.0,1.0,0.0,0.0,0.04062705214006018
34.0,65.0,0.0,0.0,1.0,0.0,0.0,0.04105476276753824
34.0,65.0,0.0,1.0,0.0,0.0,0.0,0.04126945825911193
33.0,66.0,0.0,1.0,0.0,0.0,0.0,0.0413153547385073
32.0,67.0,0.0,1.0,0.0,0.0,0.0,0.041439275982894666
31.0,68.0,0.0,1.0,0.0,0.0,0.0,0.042378957775842045
30.0,69.0,0.0,1.0,0.0,0.0,0.0,0.04281492931311131
29.0,70.0,0.0,1.0,0.0,0.0,0.0,0.04391682536781019
28.0,71.0,0.0,1.0,0.0,0.0,0.0,0.04416117013564197
27.0,72.0,0.0,1.0,0.0,0.0,0.0,0.04459279101931607
26.0,73.0,0.0,1.0,0.0,0.0,0.0,0.04571543289955338
25.0,74.0,0.0,1.0,0.0,0.0,0.0,0.04650732116345787
24.0,75.0,0.0,1.0,0.0,0.0,0.0,0.04677718256868386
23.0,76.0,0.0,1.0,0.0,0.0,0.0,0.047159349274509335
22.0,77.0,0.0,1.0,0.0,0.0,0.0,0.04730030130166979
21.0,78.0,0.0,1.0,0.0,0.0,0.0,0.047593937488300694
20.0,79.0,0.0,1.0,0.0,0.0,0.0,0.04812299290462112
19.0,80.0,0.0,1.0,0.0,0.0,0.0,0.04839619999643806
18.0,81.0,0.0,1.0,0.0,0.0,0.0,0.048582005679236484
17.0,82.0,0.0,1.0,0.0,0.0,0.0,0.04909042190565048
16.0,83.0,0.0,1.0,0.0,0.0,0.0,0.05086025975281034
15.0,84.0,0.0,1.0,0.0,0.0,0.0,0.05100067053595781
14.0,85.0,0.0,1.0,0.0,0.0,0.0,0.0511256459525555
13.0,86.0,0.0,1.0,0.0,0.0,0.0,0.051281710582735576
12.0,87.0,0.0,1.0,0.0,0.0,0.0,0.05129904757284826
11.0,88.0,0.0,1.0,0.0,0.0,0.0,0.051485689412081086
10.0,89.0,0.0,1.0,0.0,0.0,0.0,0.052224557864821816
9.0,90.0,0.0,1.0,0.0,0.0,0.0,0.05758529911004209
8.0,91.0,0.0,1.0,0.0,0.0,0.0,0.05982256436732687
7.0,92.0,0.0,1.0,0.0,0.0,0.0,0.06014354128212415
6.0,93.0,0.0,1.0,0.0,0.0,0.0,0.06076149880119331
5.0,94.0,0.0,1.0,0.0,0.0,0.0,0.06257430349455938
4.0,95.0,0.0,1.0,0.0,0.0,0.0,0.06271305851222563
3.0,96.0,0.0,1.0,0.0,0.0,0.0,0.06492164725877447
2.0,97.0,0.0,1.0,0.0,0.0,0.0,0.06687467578863471
1.0,98.0,0.0,1.0,0.0,0.0,0.0,0.0703435305240019
0.0,99.0,0.0,1.0,0.0,0.0,0.0,0.0770143698441175
0.0,99.0,1.0,0.0,0.0,0.0,0.0,0.07986224087295815
0.0,98.0,1.0,1.0,0.0,0.0,0.0,0.10547364301633005
0.0,97.0,1.0,2.0,0.0,0.0,0.0,0.10911878877319695
0.0,96.0,1.0,3.0,0.0,0.0,0.0,0.11031391988156974
0.0,95.0,1.0,4.0,0.0,0.0,0.0,0.11487365804592707
0.0,94.0,1.0,5.0,0.0,0.0,0.0,0.11735220628650318
0.0,93.0,1.0,6.0,0.0,0.0,0.0,0.13380576728729598
0.0,92.0,1.0,7.0,0.0,0.0,0.0,0.14460110454817865
0.0,91.0,1.0,8.0,0.0,0.0,0.0,0.15184097259217266
0.0,90.0,1.0,9.0,0.0,0.0,0.0,0.1551252479622275
0.0,90.0,1.0,8.0,0.0,0.0,1.0,0.16027728083217038
0.0,89.0,1.0,9.0,0.0,0.0,1.0,0.16167085860325558
0.0,89.0,2.0,8.0,0.0,0.0,1.0,0.20114238401532347
0.0,88.0,2.0,9.0,0.0,0.0,1.0,0.2079305596615593
0.0,87.0,2.0,10.0,0.0,0.0,1.0,0.21111482199294274
0.0,86.0,2.0,11.0,0.0,0.0,1.0,0.22148432099890508
0.0,85.0,2.0,12.0,0.0,0.0,1.0,0.22327095475104766
0.0,84.0,2.0,13.0,0.0,0.0,1.0,0.22521308555591021
0.0,83.0,2.0,14.0,0.0,0.0,1.0,0.22722423606060646
0.0,82.0,2.0,15.0,0.0,0.0,1.0,0.23664376605406584
0.0,81.0,2.0,16.0,0.0,0.0,1.0,0.23878848717036272
0.0,80.0,2.0,17.0,0.0,0.0,1.0,0.2439879326747774
0.0,79.0,2.0,18.0,0.0,0.0,1.0,0.2479658560418617
0.0,78.0,2.0,19.0,0.0,0.0,1.0,0.2484215771761732
0.0,78.0,3.0,18.0,0.0,0.0,1.0,0.24969377845721738
0.0,77.0,3.0,19.0,0.0,0.0,1.0,0.2514745616369223
0.0,76.0,3.0,20.0,0.0,0.0,1.0,0.25166604067741255
0.0,75.0,3.0,21.0,0.0,0.0,1.0,0.2526784306332719
0.0,74.0,3.0,22.0,0.0,0.0,1.0,0.25298222528162534
0.0,73.0,3.0,23.0,0.0,0.0,1.0,0.2596132558763299
0.0,72.0,3.0,24.0,0.0,0.0,1.0,0.26126356650188937
0.0,71.0,3.0,25.0,0.0,0.0,1.0,0.2623766710889421
0.0,70.0,3.0,26.0,0.0,0.0,1.0,0.2651610297701284
0.0,69.0,3.0,27.0,0.0,0.0,1.0,0.2696181633500755
0.0,69.0,3.0,26.0,0.0,0.0,2.0,0.2720038169018806
0.0,68.0,3.0,27.0,0.0,0.0,2.0,0.27298091701357563
0.0,67.0,3.0,28.0,0.0,0.0,2.0,0.283446111711732
0.0,66.0,3.0,29.0,0.0,0.0,2.0,0.2863460872658504
0.0,65.0,3.0,30.0,0.0,0.0,2.0,0.29258538804083506
0.0,64.0,3.0,31.0,0.0,0.0,2.0,0.2934981256006417
0.0,63.0,3.0,32.0,0.0,0.0,2.0,0.29410990713847157
0.0,62.0,3.0,33.0,0.0,0.0,2.0,0.2963247889952199
0.0,61.0,3.0,34.0,0.0,0.0,2.0,0.2984393441347298
0.0,61.0,4.0,33.0,0.0,0.0,2.0,0.3031475456421574
0.0,60.0,4.0,34.0,0.0,0.0,2.0,0.31147843560086064
0.0,59.0,4.0,35.0,0.0,0.0,2.0,0.3120418292027527
0.0,58.0,4.0,36.0,0.0,0.0,2.0,0.3121958925184591
0.0,57.0,4.0,37.0,0.0,0.0,2.0,0.31419215400065625
0.0,57.0,5.0,36.0,0.0,0.0,2.0,0.31727458850459495
0.0,56.0,5.0,37.0,0.0,0.0,2.0,0.3282751135511081
0.0,55.0,5.0,38.0,0.0,0.0,2.0,0.32966446856509735
0.0,55.0,6.0,37.0,0.0,0.0,2.0,0.33354369261192146
0.0,54.0,6.0,38.0,0.0,0.0,2.0,0.33419744381095995
0.0,53.0,6.0,39.0,0.0,0.0,2.0,0.3377095348633681
0.0,52.0,6.0,40.0,0.0,0.0,2.0,0.3388897034287353
0.0,51.0,6.0,41.0,0.0,0.0,2.0,0.33889722741785844
0.0,51.0,6.0,40.0,0.0,0.0,3.0,0.34147136750289553
0.0,50.0,6.0,41.0,0.0,0.0,3.0,0.3445357328599361
0.0,49.0,6.0,42.0,0.0,0.0,3.0,0.34858211363866676
0.0,48.0,6.0,43.0,0.0,0.0,3.0,0.34960692943829624
0.0,48.0,5.0,43.0,0.0,0.0,4.0,0.3547626739366374
0.0,47.0,5.0,44.0,0.0,0.0,4.0,0.35710875645405243
0.0,46.0,5.0,45.0,0.0,0.0,4.0,0.3573955274811184
0.0,45.0,5.0,46.0,0.0,0.0,4.0,0.35875836655332793
0.0,45.0,5.0,45.0,0.0,0.0,5.0,0.36885761969884084
0.0,45.0,6.0,44.0,0.0,0.0,5.0,0.37276827355692244
0.0,44.0,6.0,45.0,0.0,0.0,5.0,0.37352936797515135
0.0,43.0,6.0,46.0,0.0,0.0,5.0,0.3753034180860065
0.0,43.0,6.0,45.0,0.0,0.0,6.0,0.3781023291420036
0.0,42.0,6.0,46.0,0.0,0.0,6.0,0.37858236433485104
0.0,41.0,6.0,47.0,0.0,0.0,6.0,0.3824406076844979
0.0,41.0,7.0,46.0,0.0,0.0,6.0,0.3855297550228515
0.0,40.0,7.0,47.0,0.0,0.0,6.0,0.39017147302520444
0.0,39.0,7.0,48.0,0.0,0.0,6.0,0.39195502696363554
0.0,39.0,8.0,47.0,0.0,0.0,6.0,0.3947068114057559
0.0,38.0,8.0,48.0,0.0,0.0,6.0,0.39829120082530944
0.0,37.0,8.0,49.0,0.0,0.0,6.0,0.39904750435570696
0.0,36.0,8.0,50.0,0.0,0.0,6.0,0.40401525704987645
0.0,35.0,8.0,51.0,0.0,0.0,6.0,0.4048745024711894
0.0,34.0,8.0,52.0,0.0,0.0,6.0,0.41072537595913267
0.0,33.0,8.0,53.0,0.0,0.0,6.0,0.41116218694060597
0.0,33.0,9.0,52.0,0.0,0.0,6.0,0.41177100947103823
0.0,33.0,9.0,51.0,0.0,0.0,7.0,0.4131732189592577
0.0,32.0,9.0,52.0,0.0,0.0,7.0,0.41520213448807775
0.0,32.0,8.0,52.0,0.0,0.0,8.0,0.416411290343085
0.0,31.0,8.0,53.0,0.0,0.0,8.0,0.4186737938639006
0.0,30.0,8.0,54.0,0.0,0.0,8.0,0.4209210137037609
0.0,30.0,8.0,53.0,0.0,0.0,9.0,0.42697878533080996
0.0,30.0,8.0,52.0,0.0,0.0,10.0,0.4299671725920862
0.0,29.0,8.0,53.0,0.0,0.0,10.0,0.4318787251208987
0.0,28.0,8.0,54.0,0.0,0.0,10.0,0.4342073338442256
0.0,27.0,8.0,55.0,0.0,0.0,10.0,0.4351187642186541
0.0,26.0,8.0,56.0,0.0,0.0,10.0,0.4354072085614876
0.0,25.0,8.0,57.0,0.0,0.0,10.0,0.44288246192408787
0.0,24.0,8.0,58.0,0.0,0.0,10.0,0.4468478819004514
0.0,23.0,8.0,59.0,0.0,0.0,10.0,0.4490637656923119
0.0,22.0,8.0,60.0,0.0,0.0,10.0,0.44921016183412493
0.0,21.0,8.0,61.0,0.0,0.0,10.0,0.4527066004259582
0.0,20.0,8.0,62.0,0.0,0.0,10.0,0.4560231789309873
0.0,19.0,8.0,63.0,0.0,0.0,10.0,0.461963364569579
0.0,18.0,8.0,64.0,0.0,0.0,10.0,0.4637153415669388
0.0,17.0,8.0,65.0,0.0,0.0,10.0,0.4637492339390415
0.0,16.0,8.0,66.0,0.0,0.0,10.0,0.4669586013147523
0.0,15.0,8.0,67.0,0.0,0.0,10.0,0.4714026821348091
0.0,14.0,8.0,68.0,0.0,0.0,10.0,0.4721795550768167
0.0,13.0,8.0,69.0,0.0,0.0,10.0,0.4748464804122975
0.0,13.0,8.0,68.0,0.0,0.0,11.0,0.48605647373771366
0.0,12.0,8.0,69.0,0.0,0.0,11.0,0.4865545783521637
0.0,11.0,8.0,70.0,0.0,0.0,11.0,0.4931432130780136
0.0,11.0,8.0,69.0,0.0,0.0,12.0,0.5005013516170184
0.0,11.0,9.0,68.0,0.0,0.0,12.0,0.504358463843192
0.0,11.0,9.0,67.0,0.0,0.0,13.0,0.5059714396375004
0.0,10.0,9.0,68.0,0.0,0.0,13.0,0.5093062580699639
0.0,10.0,10.0,67.0,0.0,0.0,13.0,0.5114056194588459
0.0,10.0,10.0,66.0,0.0,0.0,14.0,0.5119383030288471
0.0,10.0,10.0,65.0,0.0,0.0,15.0,0.5124430345542007
0.0,10.0,10.0,64.0,0.0,0.0,16.0,0.5197295064741225
0.0,9.0,10.0,65.0,0.0,0.0,16.0,0.5233786718488185
0.0,8.0,10.0,66.0,0.0,0.0,16.0,0.5318303695314812
0.0,7.0,10.0,67.0,0.0,0.0,16.0,0.5323241843217775
0.0,6.0,10.0,68.0,0.0,0.0,16.0,0.5344592930779395
0.0,6.0,10.0,67.0,0.0,0.0,17.0,0.5393807107164782
0.0,5.0,10.0,68.0,0.0,0.0,17.0,0.5410742493493123
0.0,4.0,10.0,69.0,0.0,0.0,17.0,0.5423636170395624
0.0,4.0,10.0,68.0,0.0,0.0,18.0,0.5543275251783952
0.0,4.0,11.0,67.0,0.0,0.0,18.0,0.5547020377831898
0.0,4.0,12.0,66.0,0.0,0.0,18.0,0.5558856079994092
0.0,4.0,13.0,65.0,0.0,0.0,18.0,0.5583532331162253
0.0,4.0,13.0,64.0,0.0,0.0,19.0,0.5723170705332957
0.0,4.0,13.0,63.0,0.0,0.0,20.0,0.5809728422802576
0.0,4.0,13.0,62.0,0.0,0.0,21.0,0.5826611834013121
0.0,3.0,13.0,63.0,0.0,0.0,21.0,0.5861510821123423
0.0,3.0,13.0,62.0,0.0,0.0,22.0,0.5899536803974322
0.0,2.0,13.0,63.0,0.0,0.0,22.0,0.5911319885628902
0.0,2.0,12.0,63.0,0.0,0.0,23.0,0.6129838347353768
0.0,2.0,12.0,62.0,0.0,0.0,24.0,0.6296024463416559
0.0,2.0,13.0,61.0,0.0,0.0,24.0,0.6346268129142011
0.0,1.0,13.0,62.0,0.0,0.0,24.0,0.6359085980323964
0.0,1.0,13.0,61.0,0.0,0.0,25.0,0.6548729603742759
0.0,1.0,14.0,60.0,0.0,0.0,25.0,0.6572094991949352
0.0,1.0,14.0,59.0,0.0,0.0,26.0,0.6651065530495456
0.0,1.0,15.0,58.0,0.0,0.0,26.0,0.6662777587478017
0.0,1.0,15.0,57.0,0.0,0.0,27.0,0.6674363488835209
0.0,1.0,16.0,56.0,0.0,0.0,27.0,0.6709521366194632
0.0,1.0,16.0,55.0,0.0,0.0,28.0,0.6809463432339378
0.0,1.0,15.0,55.0,0.0,0.0,29.0,0.6932512487267244
0.0,1.0,15.0,54.0,0.0,0.0,30.0,0.7006512481960082
0.0,1.0,15.0,53.0,0.0,0.0,31.0,0.7042063231592258
0.0,1.0,16.0,52.0,0.0,0.0,31.0,0.7087205507970403
0.0,1.0,15.0,52.0,0.0,0.0,32.0,0.7109405204827626
0.0,1.0,16.0,51.0,0.0,0.0,32.0,0.7141563894019561
0.0,1.0,16.0,50.0,0.0,0.0,33.0,0.7173109047845629
0.0,1.0,17.0,49.0,0.0,0.0,33.0,0.7217921256768858
0.0,1.0,18.0,48.0,0.0,0.0,33.0,0.7523844621692509
0.0,1.0,18.0,47.0,0.0,0.0,34.0,0.7755933638546973
0.0,1.0,18.0,46.0,0.0,0.0,35.0,0.7820103187187827
0.0,1.0,19.0,45.0,0.0,0.0,35.0,0.7862046023292164
0.0,1.0,19.0,44.0,0.0,0.0,36.0,0.7926228848210307
0.0,1.0,19.0,43.0,0.0,0.0,37.0,0.8064037978937878
0.0,1.0,19.0,42.0,0.0,0.0,38.0,0.8382202837049165
0.0,1.0,20.0,41.0,0.0,0.0,38.0,0.8402123430266826
0.0,0.0,20.0,42.0,0.0,0.0,38.0,0.8421355541714426
0.0,0.0,19.0,42.0,0.0,0.0,39.0,0.8430012735845692
0.0,0.0,19.0,41.0,0.0,0.0,40.0,0.8437361462355485
0.0,0.0,19.0,40.0,0.0,0.0,41.0,0.8438512797458019
0.0,0.0,19.0,39.0,0.0,0.0,42.0,0.8496582983285147
0.0,0.0,20.0,38.0,0.0,0.0,42.0,0.8799799685299997
0.0,0.0,20.0,37.0,0.0,0.0,43.0,0.8932867741569992
0.0,0.0,20.0,36.0,0.0,0.0,44.0,0.9324223400857333
0.0,0.0,21.0,35.0,0.0,0.0,44.0,0.9561149019619873
0.0,0.0,22.0,34.0,0.0,0.0,44.0,0.9569019093723773
0.0,0.0,21.0,34.0,0.0,0.0,45.0,0.9636910073904472
0.0,0.0,21.0,33.0,0.0,0.0,46.0,0.9638175480807702
0.0,0.0,22.0,32.0,0.0,0.0,46.0,0.9806382056368236
0.0,0.0,22.0,31.0,0.0,0.0,47.0,0.9845684898393507
0.0,0.0,22.0,30.0,0.0,0.0,48.0,0.9935690844858877
0.0,0.0,21.0,30.0,0.0,0.0,49.0,1.010364560270876
0.0,0.0,21.0,29.0,0.0,0.0,50.0,1.024758556932019
0.0,0.0,21.0,28.0,0.0,0.0,51.0,1.036248259050577
0.0,0.0,20.0,28.0,0.0,0.0,52.0,1.0426393449555813
0.0,0.0,19.0,28.0,0.0,0.0,53.0,1.0436906960977803
0.0,0.0,19.0,27.0,0.0,0.0,54.0,1.047397942689372
0.0,0.0,18.0,27.0,0.0,0.0,55.0,1.055864041020904
0.0,0.0,18.0,26.0,0.0,0.0,56.0,1.0672363116977128
0.0,0.0,19.0,25.0,0.0,0.0,56.0,1.0674402510195624
0.0,0.0,18.0,25.0,0.0,0.0,57.0,1.1207756603374621
0.0,0.0,17.0,25.0,0.0,0.0,58.0,1.1253415997761322
0.0,0.0,17.0,24.0,0.0,0.0,59.0,1.1330968863769368
0.0,0.0,18.0,23.0,0.0,0.0,59.0,1.1449583973041746
0.0,0.0,18.0,22.0,0.0,0.0,60.0,1.1547373287050051
0.0,0.0,17.0,22.0,0.0,0.0,61.0,1.1635049509717839
0.0,0.0,16.0,22.0,0.0,0.0,62.0,1.167564682463053
0.0,0.0,16.0,21.0,0.0,0.0,63.0,1.1763499682269978
0.0,0.0,16.0,20.0,0.0,0.0,64.0,1.1812829509955984
0.0,0.0,15.0,20.0,0.0,0.0,65.0,1.1841122235314032
0.0,0.0,16.0,19.0,0.0,0.0,65.0,1.1943735239626807
0.0,0.0,15.0,19.0,0.0,0.0,66.0,1.2030892372603605
0.0,0.0,15.0,18.0,0.0,0.0,67.0,1.2074357398441349
0.0,0.0,15.0,17.0,0.0,0.0,68.0,1.2113100736884093
0.0,0.0,16.0,16.0,0.0,0.0,68.0,1.2432758334920342
0.0,0.0,16.0,15.0,0.0,0.0,69.0,1.2598418642042595
0.0,0.0,17.0,14.0,0.0,0.0,69.0,1.2615897613694902
0.0,0.0,16.0,14.0,0.0,0.0,70.0,1.281261359061979
0.0,0.0,16.0,13.0,0.0,0.0,71.0,1.2992602859960185
0.0,0.0,16.0,12.0,0.0,0.0,72.0,1.310958025895523
0.0,0.0,16.0,11.0,0.0,0.0,73.0,1.3129763316833245
0.0,0.0,15.0,11.0,0.0,0.0,74.0,1.31766037725498
0.0,0.0,16.0,10.0,0.0,0.0,74.0,1.3526201507367461
0.0,0.0,17.0,9.0,0.0,0.0,74.0,1.418932031127072
0.0,0.0,18.0,8.0,0.0,0.0,74.0,1.4328806108318075
0.0,0.0,18.0,7.0,0.0,0.0,75.0,1.439613628733269
0.0,0.0,19.0,6.0,0.0,0.0,75.0,1.44887479998336
0.0,0.0,19.0,5.0,0.0,0.0,76.0,1.4846544332105367
0.0,0.0,18.0,5.0,0.0,0.0,77.0,1.5114289080030352
0.0,0.0,19.0,4.0,0.0,0.0,77.0,1.5229514999387102
0.0,0.0,18.0,4.0,0.0,0.0,78.0,1.5234729476168525
0.0,0.0,17.0,4.0,0.0,0.0,79.0,1.537324162398034
0.0,0.0,18.0,3.0,0.0,0.0,79.0,1.5697242206016218
0.0,0.0,17.0,3.0,0.0,0.0,80.0,1.5912059710426576
0.0,0.0,16.0,3.0,0.0,0.0,81.0,1.6818187593254166
0.0,0.0,15.0,3.0,0.0,0.0,82.0,1.7728558472760274
0.0,0.0,14.0,3.0,0.0,0.0,83.0,1.7757665307410264
0.0,0.0,13.0,3.0,0.0,0.0,84.0,1.8227346748636293
0.0,0.0,13.0,2.0,0.0,0.0,85.0,1.8252880466857282
0.0,0.0,12.0,2.0,0.0,0.0,86.0,1.9651980911110822
0.0,0.0,11.0,2.0,0.0,0.0,87.0,2.1499381068568946
0.0,0.0,10.0,2.0,0.0,0.0,88.0,2.199319038595454
0.0,0.0,9.0,2.0,0.0,0.0,89.0,2.296308543418805
0.0,0.0,8.0,2.0,0.0,0.0,90.0,2.373008309215791
0.0,0.0,8.0,1.0,0.0,0.0,91.0,2.6631399128335453
0.0,0.0,7.0,1.0,0.0,0.0,92.0,2.6704820099245663
0.0,0.0,6.0,1.0,0.0,0.0,93.0,2.7120141074246717
0.0,0.0,5.0,1.0,0.0,0.0,94.0,2.831888312444515
0.0,0.0,4.0,1.0,0.0,0.0,95.0,2.9782604323729194
0.0,0.0,5.0,0.0,0.0,0.0,95.0,3.0347901252288305
0.0,0.0,4.0,0.0,0.0,0.0,96.0,3.0404758304840938
0.0,0.0,3.0,0.0,0.0,0.0,97.0,3.286116721302554
0.0,0.0,2.0,0.0,0.0,0.0,98.0,3.450273774110867
0.0,0.0,1.0,0.0,0.0,0.0,99.0,3.5485527633850014
0.0,0.0,0.0,0.0,0.0,0.0,100.0,3.6121645997453102
