V,B,W_B,C_B,C,W,P,t
98.0,1.0,0.0,0.0,1.0,0.0,0.0,0.0
97.0,2.0,0.0,0.0,1.0,0.0,0.0,0.005023792568851834
96.0,3.0,0.0,0.0,1.0,0.0,0.0,0.005098130093685383
95.0,4.0,0.0,0.0,1.0,0.0,0.0,0.013102389943527342
94.0,5.0,0.0,0.0,1.0,0.0,0.0,0.01362436204979813
93.0,6.0,0.0,0.0,1.0,0.0,0.0,0.013685826563159852
93.0,6.0,0.0,0.0,0.0,0.0,1.0,0.014338105679694816
92.0,7.0,0.0,0.0,0.0,0.0,1.0,0.016213638883124364
91.0,8.0,0.0,0.0,0.0,0.0,1.0,0.01738618058846174
90.0,9.0,0.0,0.0,0.0,0.0,1.0,0.017684379466276587
89.0,10.0,0.0,0.0,0.0,0.0,1.0,0.019067453964127654
88.0,11.0,0.0,0.0,0.0,0.0,1.0,0.020493528871653465
87.0,12.0,0.0,0.0,0.0,0.0,1.0,0.022778637244525203
86.0,13.0,0.0,0.0,0.0,0.0,1.0,0.02346124662169803
85.0,14.0,0.0,0.0,0.0,0.0,1.0,0.024069293967917762
84.0,15.0,0.0,0.0,0.0,0.0,1.0,0.025150440693596426
83.0,16.0,0.0,0.0,0.0,0.0,1.0,0.02769559181264382
82.0,17.0,0.0,0.0,0.0,0.0,1.0,0.028094845783627285
81.0,18.0,0.0,0.0,0.0,0.0,1.0,0.028370065197342725
80.0,19.0,0.0,0.0,0.0,0.0,1.0,0.029051853791431326
79.0,20.0,0.0,0.0,0.0,0.0,1.0,0.030493105731892
78.0,21.0,0.0,0.0,0.0,0.0,1.0,0.03070171807104221
77.0,22.0,0.0,0.0,0.0,0.0,1.0,0.03070685691501116
76.0,23.0,0.0,0.0,0.0,0.0,1.0,0.030781838371232332
75.0,24.0,0.0,0.0,0.0,0.0,1.0,0.0314315368967648
74.0,25.0,0.0,0.0,0.0,0.0,1.0,0.031858948239521095
73.0,26.0,0.0,0.0,0.0,0.0,1.0,0.032487068989713826
72.0,27.0,0.0,0.0,0.0,0.0,1.0,0.03335114887593471
71.0,28.0,0.0,0.0,0.0,0.0,1.0,0.03400725172040854
70.0,29.0,0.0,0.0,0.0,0.0,1.0,0.03447030671584036
69.0,30.0,0.0,0.0,0.0,0.0,1.0,0.03468460034045707
68.0,31.0,0.0,0.0,0.0,0.0,1.0,0.03531471958823811
67.0,32.0,0.0,0.0,0.0,0.0,1.0,0.03539301031455766
66.0,33.0,0.0,0.0,0.0,0.0,1.0,0.035497704283281986
65.0,34.0,0.0,0.0,0.0,0.0,1.0,0.03561748826814325
64.0,35.0,0.0,0.0,0.0,0.0,1.0,0.0358572007132582
63.0,36.0,0.0,0.0,0.0,0.0,1.0,0.03589296675470782
62.0,37.0,0.0,0.0,0.0,0.0,1.0,0.0369288607603518
61.0,38.0,0.0,0.0,0.0,0.0,1.0,0.03704945602034853
60.0,39.0,0.0,0.0,0.0,0.0,1.0,0.03741296949571295
59.0,40.0,0.0,0.0,0.0,0.0,1.0,0.0381592454408173
58.0,41.0,0.0,0.0,0.0,0.0,1.0,0.038192079339905656
57.0,42.0,0.0,0.0,0.0,0.0,1.0,0.039261483284422645
56.0,43.0,0.0,0.0,0.0,0.0,1.0,0.03952569616186789
55.0,44.0,0.0,0.0,0.0,0.0,1.0,0.04064762495239248
54.0,45.0,0.0,0.0,0.0,0.0,1.0,0.04078880146572201
53.0,46.0,0.0,0.0,0.0,0.0,1.0,0.04156821572863404
52.0,47.0,0.0,0.0,0.0,0.0,1.0,0.041672836076060024
51.0,48.0,0.0,0.0,0.0,0.0,1.0,0.042100383944203464
50.0,49.0,0.0,0.0,0.0,0.0,1.0,0.042374334826442275
49.0,50.0,0.0,0.0,0.0,0.0,1.0,0.043298487740753934
48.0,51.0,0.0,0.0,0.0,0.0,1.0,0.04373004200450936
47.0,52.0,0.0,0.0,0.0,0.0,1.0,0.046037684806434304
46.0,53.0,0.0,0.0,0.0,0.0,1.0,0.046628441245609685
45.0,54.0,0.0,0.0,0.0,0.0,1.0,0.046643639530206726
44.0,55.0,0.0,0.0,0.0,0.0,1.0,0.04666060225278188
43.0,56.0,0.0,0.0,0.0,0.0,1.0,0.046798362907697226
42.0,57.0,0.0,0.0,0.0,0.0,1.0,0.04700328767578816
41.0,58.0,0.0,0.0,0.0,0.0,1.0,0.0477813126228729
40.0,59.0,0.0,0.0,0.0,0.0,1.0,0.04792987164265039
39.0,60.0,0.0,0.0,0.0,0.0,1.0,0.048274002073685825
38.0,61.0,0.0,0.0,0.0,0.0,1.0,0.049354293690204255
37.0,62.0,0.0,0.0,0.0,0.0,1.0,0.050053948492958085
36.0,63.0,0.0,0.0,0.0,0.0,1.0,0.05013049748468756
35.0,64.0,0.0,0.0,0.0,0.0,1.0,0.05028298624203189
34.0,65.0,0.0,0.0,0.0,0.0,1.0,0.050295571245178756
33.0,66.0,0.0,0.0,0.0,0.0,1.0,0.05111499576827292
32.0,67.0,0.0,0.0,0.0,0.0,1.0,0.052291493472918664
31.0,68.0,0.0,0.0,0.0,0.0,1.0,0.05315145617324861
30.0,69.0,0.0,0.0,0.0,0.0,1.0,0.05337926763975152
29.0,70.0,0.0,0.0,0.0,0.0,1.0,0.05349576981223739
28.0,71.0,0.0,0.0,0.0,0.0,1.0,0.05367288209543795
27.0,72.0,0.0,0.0,0.0,0.0,1.0,0.054933973523743775
26.0,73.0,0.0,0.0,0.0,0.0,1.0,0.055428491955748886
25.0,74.0,0.0,0.0,0.0,0.0,1.0,0.05542874779289158
24.0,75.0,0.0,0.0,0.0,0.0,1.0,0.05653632598565479
23.0,76.0,0.0,0.0,0.0,0.0,1.0,0.0583058141160959
22.0,77.0,0.0,0.0,0.0,0.0,1.0,0.05841527823568088
21.0,78.0,0.0,0.0,0.0,0.0,1.0,0.05884729175829948
20.0,79.0,0.0,0.0,0.0,0.0,1.0,0.059183196209529866
19.0,80.0,0.0,0.0,0.0,0.0,1.0,0.059470972505658665
18.0,81.0,0.0,0.0,0.0,0.0,1.0,0.05947409356364934
17.0,82.0,0.0,0.0,0.0,0.0,1.0,0.05970722069262527
16.0,83.0,0.0,0.0,0.0,0.0,1.0,0.060258899070592856
15.0,84.0,0.0,0.0,0.0,0.0,1.0,0.060357839146632224
14.0,85.0,0.0,0.0,0.0,0.0,1.0,0.06039104325181341
13.0,86.0,0.0,0.0,0.0,0.0,1.0,0.06157217457401678
12.0,87.0,0.0,0.0,0.0,0.0,1.0,0.06200402682840135
11.0,88.0,0.0,0.0,0.0,0.0,1.0,0.06236306068368308
10.0,89.0,0.0,0.0,0.0,0.0,1.0,0.06269458838709623
9.0,90.0,0.0,0.0,0.0,0.0,1.0,0.06379281812087788
8.0,91.0,0.0,0.0,0.0,0.0,1.0,0.06440019844181658
7.0,92.0,0.0,0.0,0.0,0.0,1.0,0.06459565172832409
6.0,93.0,0.0,0.0,0.0,0.0,1.0,0.06536667356726057
5.0,94.0,0.0,0.0,0.0,0.0,1.0,0.06715599184474398
4.0,95.0,0.0,0.0,0.0,0.0,1.0,0.07157321177832246
3.0,96.0,0.0,0.0,0.0,0.0,1.0,0.07861889771614707
2.0,97.0,0.0,0.0,0.0,0.0,1.0,0.09189924885347309
1.0,98.0,0.0,0.0,0.0,0.0,1.0,0.10590135425488517
0.0,99.0,0.0,0.0,0.0,0.0,1.0,0.12089183229984168
