V,B,W_B,C_B,C,W,P,t
98.0,1.0,0.0,0.0,1.0,0.0,0.0,0.0
97.0,2.0,0.0,0.0,1.0,0.0,0.0,0.026212652621670822
96.0,3.0,0.0,0.0,1.0,0.0,0.0,0.02980534822812951
96.0,3.0,0.0,1.0,0.0,0.0,0.0,0.03064251319717715
95.0,4.0,0.0,1.0,0.0,0.0,0.0,0.030882869387496965
94.0,5.0,0.0,1.0,0.0,0.0,0.0,0.03212134404523473
93.0,6.0,0.0,1.0,0.0,0.0,0.0,0.03701419218975992
92.0,7.0,0.0,1.0,0.0,0.0,0.0,0.039561979260119444
91.0,8.0,0.0,1.0,0.0,0.0,0.0,0.04104178988068247
90.0,9.0,0.0,1.0,0.0,0.0,0.0,0.04255676772759081
89.0,10.0,0.0,1.0,0.0,0.0,0.0,0.04317707861878873
88.0,11.0,0.0,1.0,0.0,0.0,0.0,0.044342118771189556
87.0,12.0,0.0,1.0,0.0,0.0,0.0,0.044535066097465985
86.0,13.0,0.0,1.0,0.0,0.0,0.0,0.04468606851602932
85.0,14.0,0.0,1.0,0.0,0.0,0.0,0.04492525992046998
84.0,15.0,0.0,1.0,0.0,0.0,0.0,0.04571713567233586
83.0,16.0,0.0,1.0,0.0,0.0,0.0,0.04688882138115565
82.0,17.0,0.0,1.0,0.0,0.0,0.0,0.047177921317736266
81.0,18.0,0.0,1.0,0.0,0.0,0.0,0.04766127190583974
80.0,19.0,0.0,1.0,0.0,0.0,0.0,0.047767414457634536
79.0,20.0,0.0,1.0,0.0,0.0,0.0,0.04799271100007507
78.0,21.0,0.0,1.0,0.0,0.0,0.0,0.05039506731560314
77.0,22.0,0.0,1.0,0.0,0.0,0.0,0.050566216201182644
76.0,23.0,0.0,1.0,0.0,0.0,0.0,0.05225592612762033
75.0,24.0,0.0,1.0,0.0,0.0,0.0,0.0530831603214773
74.0,25.0,0.0,1.0,0.0,0.0,0.0,0.053492201121971575
73.0,26.0,0.0,1.0,0.0,0.0,0.0,0.054145884785897526
72.0,27.0,0.0,1.0,0.0,0.0,0.0,0.05441847156862392
71.0,28.0,0.0,1.0,0.0,0.0,0.0,0.055894466181566925
70.0,29.0,0.0,1.0,0.0,0.0,0.0,0.05787463305420565
69.0,30.0,0.0,1.0,0.0,0.0,0.0,0.05824258173277091
68.0,31.0,0.0,1.0,0.0,0.0,0.0,0.05884893045532502
67.0,32.0,0.0,1.0,0.0,0.0,0.0,0.059033482899239965
66.0,33.0,0.0,1.0,0.0,0.0,0.0,0.0599392873229894
65.0,34.0,0.0,1.0,0.0,0.0,0.0,0.059957004912424436
64.0,35.0,0.0,1.0,0.0,0.0,0.0,0.06009030374991591
63.0,36.0,0.0,1.0,0.0,0.0,0.0,0.06088502553558899
62.0,37.0,0.0,1.0,0.0,0.0,0.0,0.06148023136572836
61.0,38.0,0.0,1.0,0.0,0.0,0.0,0.06266100673215491
60.0,39.0,0.0,1.0,0.0,0.0,0.0,0.0632114084102388
59.0,40.0,0.0,1.0,0.0,0.0,0.0,0.06407653097344936
58.0,41.0,0.0,1.0,0.0,0.0,0.0,0.0641079124673028
57.0,42.0,0.0,1.0,0.0,0.0,0.0,0.06484539098983844
56.0,43.0,0.0,1.0,0.0,0.0,0.0,0.06639297562409227
55.0,44.0,0.0,1.0,0.0,0.0,0.0,0.06706603818756364
54.0,45.0,0.0,1.0,0.0,0.0,0.0,0.06728191958057324
53.0,46.0,0.0,1.0,0.0,0.0,0.0,0.06741324585064633
52.0,47.0,0.0,1.0,0.0,0.0,0.0,0.06764877587728534
51.0,48.0,0.0,1.0,0.0,0.0,0.0,0.06789423294209723
50.0,49.0,0.0,1.0,0.0,0.0,0.0,0.06944293912004901
49.0,50.0,0.0,1.0,0.0,0.0,0.0,0.0696756798829911
48.0,51.0,0.0,1.0,0.0,0.0,0.0,0.06968810375020587
47.0,52.0,0.0,1.0,0.0,0.0,0.0,0.06985179464399473
46.0,53.0,0.0,1.0,0.0,0.0,0.0,0.07008673132758195
45.0,54.0,0.0,1.0,0.0,0.0,0.0,0.07036660600114941
44.0,55.0,0.0,1.0,0.0,0.0,0.0,0.07049936997688697
43.0,56.0,0.0,1.0,0.0,0.0,0.0,0.07058512924320426
42.0,57.0,0.0,1.0,0.0,0.0,0.0,0.07146994103487181
41.0,58.0,0.0,1.0,0.0,0.0,0.0,0.07251951659321544
40.0,59.0,0.0,1.0,0.0,0.0,0.0,0.07301444144120017
39.0,60.0,0.0,1.0,0.0,0.0,0.0,0.07349132419857171
38.0,61.0,0.0,1.0,0.0,0.0,0.0,0.07366953265008584
37.0,62.0,0.0,1.0,0.0,0.0,0.0,0.07378735072086008
36.0,63.0,0.0,1.0,0.0,0.0,0.0,0.0738704054132707
35.0,64.0,0.0,1.0,0.0,0.0,0.0,0.07440939948843112
34.0,65.0,0.0,1.0,0.0,0.0,0.0,0.07442626967714339
33.0,66.0,0.0,1.0,0.0,0.0,0.0,0.07483461721889585
32.0,67.0,0.0,1.0,0.0,0.0,0.0,0.07534848715368156
31.0,68.0,0.0,1.0,0.0,0.0,0.0,0.07652588739463784
30.0,69.0,0.0,1.0,0.0,0.0,0.0,0.07842441338784531
29.0,70.0,0.0,1.0,0.0,0.0,0.0,0.07846372731021084
28.0,71.0,0.0,1.0,0.0,0.0,0.0,0.07876086894950397
27.0,72.0,0.0,1.0,0.0,0.0,0.0,0.07880676787236114
26.0,73.0,0.0,1.0,0.0,0.0,0.0,0.07891115791043754
25.0,74.0,0.0,1.0,0.0,0.0,0.0,0.07951122314488383
24.0,75.0,0.0,1.0,0.0,0.0,0.0,0.08153438754960828
23.0,76.0,0.0,1.0,0.0,0.0,0.0,0.08187964458104036
22.0,77.0,0.0,1.0,0.0,0.0,0.0,0.08205080174805504
21.0,78.0,0.0,1.0,0.0,0.0,0.0,0.08431534835170178
20.0,79.0,0.0,1.0,0.0,0.0,0.0,0.08450413254187666
19.0,80.0,0.0,1.0,0.0,0.0,0.0,0.08647853947803093
18.0,81.0,0.0,1.0,0.0,0.0,0.0,0.0866621793291606
17.0,82.0,0.0,1.0,0.0,0.0,0.0,0.08675970278199639
16.0,83.0,0.0,1.0,0.0,0.0,0.0,0.08773797816735712
15.0,84.0,0.0,1.0,0.0,0.0,0.0,0.08823059626365796
14.0,85.0,0.0,1.0,0.0,0.0,0.0,0.08845051312067358
13.0,86.0,0.0,1.0,0.0,0.0,0.0,0.08865221789067439
12.0,87.0,0.0,1.0,0.0,0.0,0.0,0.08973044844275269
11.0,88.0,0.0,1.0,0.0,0.0,0.0,0.0898503148022125
10.0,89.0,0.0,1.0,0.0,0.0,0.0,0.09054010025718527
9.0,90.0,0.0,1.0,0.0,0.0,0.0,0.09141450236761055
8.0,91.0,0.0,1.0,0.0,0.0,0.0,0.09192454030682684
7.0,92.0,0.0,1.0,0.0,0.0,0.0,0.0941578468095872
6.0,93.0,0.0,1.0,0.0,0.0,0.0,0.0956759149310303
5.0,94.0,0.0,1.0,0.0,0.0,0.0,0.09778866343405089
4.0,95.0,0.0,1.0,0.0,0.0,0.0,0.0992314908012444
3.0,96.0,0.0,1.0,0.0,0.0,0.0,0.1010647207742115
2.0,97.0,0.0,1.0,0.0,0.0,0.0,0.10191049401533617
1.0,98.0,0.0,1.0,0.0,0.0,0.0,0.1028824137962774
0.0,99.0,0.0,1.0,0.0,0.0,0.0,0.10645579664158143
0.0,99.0,1.0,0.0,0.0,0.0,0.0,0.755509959962356
0.0,98.0,1.0,1.0,0.0,0.0,0.0,0.7611052904141996
0.0,97.0,1.0,2.0,0.0,0.0,0.0,0.7629373701932138
0.0,96.0,1.0,3.0,0.0,0.0,0.0,0.7758841996314908
0.0,95.0,1.0,4.0,0.0,0.0,0.0,0.7833557850991351
0.0,94.0,1.0,5.0,0.0,0.0,0.0,0.7901546971441699
0.0,93.0,1.0,6.0,0.0,0.0,0.0,0.7987433384651471
0.0,92.0,1.0,7.0,0.0,0.0,0.0,0.8100751203261543
0.0,91.0,1.0,8.0,0.0,0.0,0.0,0.8263799557489091
0.0,91.0,1.0,7.0,0.0,0.0,1.0,0.8322512479031906
0.0,90.0,1.0,8.0,0.0,0.0,1.0,0.8372850211542948
0.0,89.0,1.0,9.0,0.0,0.0,1.0,0.8376492396407961
0.0,88.0,1.0,10.0,0.0,0.0,1.0,0.8535613827907824
0.0,87.0,1.0,11.0,0.0,0.0,1.0,0.8744401289223623
0.0,86.0,1.0,12.0,0.0,0.0,1.0,0.8758827599952983
0.0,85.0,1.0,13.0,0.0,0.0,1.0,0.8817990910038314
0.0,85.0,2.0,12.0,0.0,0.0,1.0,0.8853560019331913
0.0,84.0,2.0,13.0,0.0,0.0,1.0,0.8866084985895663
0.0,83.0,2.0,14.0,0.0,0.0,1.0,0.8969413177806564
0.0,82.0,2.0,15.0,0.0,0.0,1.0,0.9001547995056949
0.0,81.0,2.0,16.0,0.0,0.0,1.0,0.9011477134605371
0.0,80.0,2.0,17.0,0.0,0.0,1.0,0.9025784711034658
0.0,79.0,2.0,18.0,0.0,0.0,1.0,0.9036297342663022
0.0,78.0,2.0,19.0,0.0,0.0,1.0,0.9077157574201203
0.0,77.0,2.0,20.0,0.0,0.0,1.0,0.9151843340152056
0.0,76.0,2.0,21.0,0.0,0.0,1.0,0.915691816239386
0.0,75.0,2.0,22.0,0.0,0.0,1.0,0.9169730968550219
0.0,75.0,3.0,21.0,0.0,0.0,1.0,0.9209185818306163
0.0,75.0,4.0,20.0,0.0,0.0,1.0,0.9218671774565724
0.0,74.0,4.0,21.0,0.0,0.0,1.0,0.9226368988978325
0.0,73.0,4.0,22.0,0.0,0.0,1.0,0.9236140571859569
0.0,72.0,4.0,23.0,0.0,0.0,1.0,0.9259229223417657
0.0,71.0,4.0,24.0,0.0,0.0,1.0,0.9304053807867582
0.0,71.0,4.0,23.0,0.0,0.0,2.0,0.9338196609285054
0.0,70.0,4.0,24.0,0.0,0.0,2.0,0.9380984430772916
0.0,69.0,4.0,25.0,0.0,0.0,2.0,0.9405105940093936
0.0,68.0,4.0,26.0,0.0,0.0,2.0,0.9427208963461319
0.0,67.0,4.0,27.0,0.0,0.0,2.0,0.9442447642794292
0.0,66.0,4.0,28.0,0.0,0.0,2.0,0.9502439138548815
0.0,65.0,4.0,29.0,0.0,0.0,2.0,0.9504059960503691
0.0,64.0,4.0,30.0,0.0,0.0,2.0,0.9563282942826484
0.0,64.0,4.0,29.0,0.0,0.0,3.0,0.9582030405567034
0.0,64.0,5.0,28.0,0.0,0.0,3.0,0.9594010419980621
0.0,63.0,5.0,29.0,0.0,0.0,3.0,0.9631218356822804
0.0,62.0,5.0,30.0,0.0,0.0,3.0,0.9631670362086844
0.0,61.0,5.0,31.0,0.0,0.0,3.0,0.9638952784992963
0.0,60.0,5.0,32.0,0.0,0.0,3.0,0.9651469602903572
0.0,59.0,5.0,33.0,0.0,0.0,3.0,0.9659295749093366
0.0,58.0,5.0,34.0,0.0,0.0,3.0,0.9670260670694738
0.0,57.0,5.0,35.0,0.0,0.0,3.0,0.9695485991862348
0.0,57.0,6.0,34.0,0.0,0.0,3.0,0.971065245918316
0.0,56.0,6.0,35.0,0.0,0.0,3.0,0.9816436954742483
0.0,55.0,6.0,36.0,0.0,0.0,3.0,0.9881840928756138
0.0,54.0,6.0,37.0,0.0,0.0,3.0,0.9888376742694134
0.0,53.0,6.0,38.0,0.0,0.0,3.0,1.0006967806425866
0.0,52.0,6.0,39.0,0.0,0.0,3.0,1.0037863790293715
0.0,51.0,6.0,40.0,0.0,0.0,3.0,1.00588750688727
0.0,50.0,6.0,41.0,0.0,0.0,3.0,1.0092693757024653
0.0,49.0,6.0,42.0,0.0,0.0,3.0,1.0102464529284683
0.0,48.0,6.0,43.0,0.0,0.0,3.0,1.010355397295884
0.0,47.0,6.0,44.0,0.0,0.0,3.0,1.011700656801139
0.0,46.0,6.0,45.0,0.0,0.0,3.0,1.0152379659768165
0.0,45.0,6.0,46.0,0.0,0.0,3.0,1.0153620136249304
0.0,45.0,7.0,45.0,0.0,0.0,3.0,1.0158695076993223
0.0,44.0,7.0,46.0,0.0,0.0,3.0,1.0160755893157112
0.0,43.0,7.0,47.0,0.0,0.0,3.0,1.02021049651152
0.0,42.0,7.0,48.0,0.0,0.0,3.0,1.020526432373454
0.0,41.0,7.0,49.0,0.0,0.0,3.0,1.0217213278098536
0.0,40.0,7.0,50.0,0.0,0.0,3.0,1.022923130736871
0.0,40.0,8.0,49.0,0.0,0.0,3.0,1.0268243136471646
0.0,39.0,8.0,50.0,0.0,0.0,3.0,1.0272062728059834
0.0,38.0,8.0,51.0,0.0,0.0,3.0,1.0284656925161832
0.0,37.0,8.0,52.0,0.0,0.0,3.0,1.0311353261887697
0.0,37.0,8.0,51.0,0.0,0.0,4.0,1.0333771265555567
0.0,36.0,8.0,52.0,0.0,0.0,4.0,1.0397598318344405
0.0,36.0,8.0,51.0,0.0,0.0,5.0,1.0407000835415567
0.0,35.0,8.0,52.0,0.0,0.0,5.0,1.0412051521993613
0.0,34.0,8.0,53.0,0.0,0.0,5.0,1.0459432275581493
0.0,33.0,8.0,54.0,0.0,0.0,5.0,1.0480971725013584
0.0,32.0,8.0,55.0,0.0,0.0,5.0,1.0496460550335542
0.0,31.0,8.0,56.0,0.0,0.0,5.0,1.0533599082438332
0.0,30.0,8.0,57.0,0.0,0.0,5.0,1.0593777911896889
0.0,30.0,7.0,57.0,0.0,0.0,6.0,1.0635459810031658
0.0,30.0,7.0,56.0,0.0,0.0,7.0,1.0684974349548977
0.0,30.0,8.0,55.0,0.0,0.0,7.0,1.0699848744155185
0.0,29.0,8.0,56.0,0.0,0.0,7.0,1.0710262977736011
0.0,28.0,8.0,57.0,0.0,0.0,7.0,1.0733122986562478
0.0,28.0,9.0,56.0,0.0,0.0,7.0,1.0750581367616148
0.0,27.0,9.0,57.0,0.0,0.0,7.0,1.0754316424177217
0.0,26.0,9.0,58.0,0.0,0.0,7.0,1.079606577060308
0.0,26.0,10.0,57.0,0.0,0.0,7.0,1.0837966852134568
0.0,26.0,11.0,56.0,0.0,0.0,7.0,1.0872683460479529
0.0,25.0,11.0,57.0,0.0,0.0,7.0,1.0900919391809447
0.0,24.0,11.0,58.0,0.0,0.0,7.0,1.091869039820493
0.0,23.0,11.0,59.0,0.0,0.0,7.0,1.092868468561631
0.0,23.0,11.0,58.0,0.0,0.0,8.0,1.0929820086676516
0.0,22.0,11.0,59.0,0.0,0.0,8.0,1.0955164816304004
0.0,21.0,11.0,60.0,0.0,0.0,8.0,1.0964029892115248
0.0,21.0,12.0,59.0,0.0,0.0,8.0,1.1012025934246996
0.0,20.0,12.0,60.0,0.0,0.0,8.0,1.1073543903882694
0.0,19.0,12.0,61.0,0.0,0.0,8.0,1.1082894093594897
0.0,19.0,12.0,60.0,0.0,0.0,9.0,1.1097197074179022
0.0,18.0,12.0,61.0,0.0,0.0,9.0,1.115615827893029
0.0,17.0,12.0,62.0,0.0,0.0,9.0,1.1165707793058592
0.0,16.0,12.0,63.0,0.0,0.0,9.0,1.1170380404150828
0.0,15.0,12.0,64.0,0.0,0.0,9.0,1.1170437326452194
0.0,14.0,12.0,65.0,0.0,0.0,9.0,1.1188631086516048
0.0,13.0,12.0,66.0,0.0,0.0,9.0,1.120979103869001
0.0,12.0,12.0,67.0,0.0,0.0,9.0,1.125091003846001
0.0,12.0,13.0,66.0,0.0,0.0,9.0,1.1273208689458973
0.0,11.0,13.0,67.0,0.0,0.0,9.0,1.1282711167313078
0.0,10.0,13.0,68.0,0.0,0.0,9.0,1.1349256103772192
0.0,9.0,13.0,69.0,0.0,0.0,9.0,1.1355318576372477
0.0,8.0,13.0,70.0,0.0,0.0,9.0,1.1372407748775248
0.0,8.0,14.0,69.0,0.0,0.0,9.0,1.1386340188016058
0.0,8.0,14.0,68.0,0.0,0.0,10.0,1.1444684918385475
0.0,8.0,15.0,67.0,0.0,0.0,10.0,1.1540635887212802
0.0,7.0,15.0,68.0,0.0,0.0,10.0,1.155627454196654
0.0,7.0,16.0,67.0,0.0,0.0,10.0,1.1663828721614515
0.0,6.0,16.0,68.0,0.0,0.0,10.0,1.1695945739533846
0.0,5.0,16.0,69.0,0.0,0.0,10.0,1.1715695217395765
0.0,5.0,16.0,68.0,0.0,0.0,11.0,1.1734225849905018
0.0,4.0,16.0,69.0,0.0,0.0,11.0,1.1735515197843482
0.0,4.0,16.0,68.0,0.0,0.0,12.0,1.18023147177157
0.0,4.0,17.0,67.0,0.0,0.0,12.0,1.1806655913920079
0.0,4.0,17.0,66.0,0.0,0.0,13.0,1.188409365415001
0.0,4.0,17.0,65.0,0.0,0.0,14.0,1.1930477865712172
0.0,3.0,17.0,66.0,0.0,0.0,14.0,1.1947205047738567
0.0,3.0,18.0,65.0,0.0,0.0,14.0,1.195796513475853
0.0,3.0,18.0,64.0,0.0,0.0,15.0,1.1990868008478672
0.0,3.0,18.0,63.0,0.0,0.0,16.0,1.2020956731310457
0.0,3.0,17.0,63.0,0.0,0.0,17.0,1.2154868853235021
0.0,3.0,16.0,63.0,0.0,0.0,18.0,1.2212262070799578
0.0,3.0,17.0,62.0,0.0,0.0,18.0,1.225583900733049
0.0,3.0,18.0,61.0,0.0,0.0,18.0,1.2340629005146135
0.0,2.0,18.0,62.0,0.0,0.0,18.0,1.2370835457247633
0.0,1.0,18.0,63.0,0.0,0.0,18.0,1.2440849907018068
0.0,1.0,19.0,62.0,0.0,0.0,18.0,1.2492843128760647
0.0,1.0,18.0,62.0,0.0,0.0,19.0,1.2519713576560663
0.0,0.0,18.0,63.0,0.0,0.0,19.0,1.2553191358522118
0.0,0.0,19.0,62.0,0.0,0.0,19.0,1.2569816964175287
0.0,0.0,20.0,61.0,0.0,0.0,19.0,1.270242046512783
0.0,0.0,21.0,60.0,0.0,0.0,19.0,1.2713430354681607
0.0,0.0,21.0,59.0,0.0,0.0,20.0,1.291037766115698
0.0,0.0,21.0,58.0,0.0,0.0,21.0,1.2995207293286273
0.0,0.0,21.0,57.0,0.0,0.0,22.0,1.3027265519592863
0.0,0.0,20.0,57.0,0.0,0.0,23.0,1.3117779891942454
0.0,0.0,20.0,56.0,0.0,0.0,24.0,1.3127013809604497
0.0,0.0,21.0,55.0,0.0,0.0,24.0,1.3143764011526533
0.0,0.0,21.0,54.0,0.0,0.0,25.0,1.3161761147527715
0.0,0.0,21.0,53.0,0.0,0.0,26.0,1.3208563360026313
0.0,0.0,22.0,52.0,0.0,0.0,26.0,1.3230485823677207
0.0,0.0,22.0,51.0,0.0,0.0,27.0,1.324139190178517
0.0,0.0,21.0,51.0,0.0,0.0,28.0,1.3282665326848218
0.0,0.0,22.0,50.0,0.0,0.0,28.0,1.332275633646621
0.0,0.0,21.0,50.0,0.0,0.0,29.0,1.3344135717915093
0.0,0.0,22.0,49.0,0.0,0.0,29.0,1.3405925181480849
0.0,0.0,22.0,48.0,0.0,0.0,30.0,1.3453158505477196
0.0,0.0,23.0,47.0,0.0,0.0,30.0,1.3582621235992949
0.0,0.0,22.0,47.0,0.0,0.0,31.0,1.3673328985225968
0.0,0.0,23.0,46.0,0.0,0.0,31.0,1.3748073024599474
0.0,0.0,24.0,45.0,0.0,0.0,31.0,1.4004995803949551
0.0,0.0,25.0,44.0,0.0,0.0,31.0,1.4019995488087824
0.0,0.0,24.0,44.0,0.0,0.0,32.0,1.4032142223903274
0.0,0.0,25.0,43.0,0.0,0.0,32.0,1.4069393756847262
0.0,0.0,25.0,42.0,0.0,0.0,33.0,1.407322800707793
0.0,0.0,26.0,41.0,0.0,0.0,33.0,1.4118994004916927
0.0,0.0,27.0,40.0,0.0,0.0,33.0,1.415501143776862
0.0,0.0,26.0,40.0,0.0,0.0,34.0,1.418872797389352
0.0,0.0,25.0,40.0,0.0,0.0,35.0,1.425119243221476
0.0,0.0,25.0,39.0,0.0,0.0,36.0,1.4290770501105492
0.0,0.0,26.0,38.0,0.0,0.0,36.0,1.4478582151654733
0.0,0.0,27.0,37.0,0.0,0.0,36.0,1.450126006429973
0.0,0.0,26.0,37.0,0.0,0.0,37.0,1.4550595206872716
0.0,0.0,26.0,36.0,0.0,0.0,38.0,1.4693467412900658
0.0,0.0,27.0,35.0,0.0,0.0,38.0,1.4780950727053725
0.0,0.0,27.0,34.0,0.0,0.0,39.0,1.4785995308158484
0.0,0.0,26.0,34.0,0.0,0.0,40.0,1.479797761736753
0.0,0.0,27.0,33.0,0.0,0.0,40.0,1.4802507715520348
0.0,0.0,28.0,32.0,0.0,0.0,40.0,1.4846911750422893
0.0,0.0,29.0,31.0,0.0,0.0,40.0,1.4850594358786542
0.0,0.0,29.0,30.0,0.0,0.0,41.0,1.5258197609092596
0.0,0.0,30.0,29.0,0.0,0.0,41.0,1.5262292809750755
0.0,0.0,30.0,28.0,0.0,0.0,42.0,1.5281744663065815
0.0,0.0,29.0,28.0,0.0,0.0,43.0,1.528762422956894
0.0,0.0,28.0,28.0,0.0,0.0,44.0,1.5382579136561956
0.0,0.0,28.0,27.0,0.0,0.0,45.0,1.5499728852315489
0.0,0.0,27.0,27.0,0.0,0.0,46.0,1.5499938655827799
0.0,0.0,27.0,26.0,0.0,0.0,47.0,1.5527422107895874
0.0,0.0,28.0,25.0,0.0,0.0,47.0,1.5707392996975489
0.0,0.0,29.0,24.0,0.0,0.0,47.0,1.608420107052658
0.0,0.0,28.0,24.0,0.0,0.0,48.0,1.6102873585246298
0.0,0.0,28.0,23.0,0.0,0.0,49.0,1.6210049187271216
0.0,0.0,28.0,22.0,0.0,0.0,50.0,1.62812681576269
0.0,0.0,27.0,22.0,0.0,0.0,51.0,1.6440783482545522
0.0,0.0,27.0,21.0,0.0,0.0,52.0,1.6708822637617422
0.0,0.0,26.0,21.0,0.0,0.0,53.0,1.6799263467134955
0.0,0.0,27.0,20.0,0.0,0.0,53.0,1.7010280905965338
0.0,0.0,28.0,19.0,0.0,0.0,53.0,1.717868095542941
0.0,0.0,27.0,19.0,0.0,0.0,54.0,1.7226039494421297
0.0,0.0,26.0,19.0,0.0,0.0,55.0,1.7274672065823387
0.0,0.0,27.0,18.0,0.0,0.0,55.0,1.7331732338873957
0.0,0.0,28.0,17.0,0.0,0.0,55.0,1.7642784940137823
0.0,0.0,29.0,16.0,0.0,0.0,55.0,1.7666922789930541
0.0,0.0,28.0,16.0,0.0,0.0,56.0,1.7703772366690922
0.0,0.0,29.0,15.0,0.0,0.0,56.0,1.780352202045812
0.0,0.0,28.0,15.0,0.0,0.0,57.0,1.780873202569295
0.0,0.0,29.0,14.0,0.0,0.0,57.0,1.803603756550569
0.0,0.0,28.0,14.0,0.0,0.0,58.0,1.8054080821494012
0.0,0.0,27.0,14.0,0.0,0.0,59.0,1.8492050865398217
0.0,0.0,28.0,13.0,0.0,0.0,59.0,1.8759316281679546
0.0,0.0,27.0,13.0,0.0,0.0,60.0,1.8922565347782354
0.0,0.0,26.0,13.0,0.0,0.0,61.0,1.9055116893778448
0.0,0.0,25.0,13.0,0.0,0.0,62.0,1.9260868830210551
0.0,0.0,24.0,13.0,0.0,0.0,63.0,1.9321467611462315
0.0,0.0,23.0,13.0,0.0,0.0,64.0,1.9372391022776976
0.0,0.0,22.0,13.0,0.0,0.0,65.0,1.9412235277101983
0.0,0.0,22.0,12.0,0.0,0.0,66.0,1.9773867875562448
0.0,0.0,21.0,12.0,0.0,0.0,67.0,1.9976589586388342
0.0,0.0,20.0,12.0,0.0,0.0,68.0,2.0086493620374237
0.0,0.0,21.0,11.0,0.0,0.0,68.0,2.0176850583418102
0.0,0.0,21.0,10.0,0.0,0.0,69.0,2.0223173079515675
0.0,0.0,20.0,10.0,0.0,0.0,70.0,2.099736341507555
0.0,0.0,20.0,9.0,0.0,0.0,71.0,2.116616520416155
0.0,0.0,19.0,9.0,0.0,0.0,72.0,2.1602191046509396
0.0,0.0,18.0,9.0,0.0,0.0,73.0,2.17852356062834
0.0,0.0,19.0,8.0,0.0,0.0,73.0,2.1862271012102243
0.0,0.0,20.0,7.0,0.0,0.0,73.0,2.258702039365106
0.0,0.0,19.0,7.0,0.0,0.0,74.0,2.301769220875231
0.0,0.0,20.0,6.0,0.0,0.0,74.0,2.303837110703382
0.0,0.0,19.0,6.0,0.0,0.0,75.0,2.3199477921367233
0.0,0.0,19.0,5.0,0.0,0.0,76.0,2.3417595102315505
0.0,0.0,20.0,4.0,0.0,0.0,76.0,2.342380136439786
0.0,0.0,21.0,3.0,0.0,0.0,76.0,2.426756385431662
0.0,0.0,21.0,2.0,0.0,0.0,77.0,2.489512451629552
0.0,0.0,20.0,2.0,0.0,0.0,78.0,2.5840884978835574
0.0,0.0,21.0,1.0,0.0,0.0,78.0,2.5889872180758324
0.0,0.0,20.0,1.0,0.0,0.0,79.0,2.5933335237562694
0.0,0.0,21.0,0.0,0.0,0.0,79.0,2.67349576597989
0.0,0.0,20.0,0.0,0.0,0.0,80.0,2.6997049830127806
0.0,0.0,19.0,0.0,0.0,0.0,81.0,2.703426743329474
0.0,0.0,18.0,0.0,0.0,0.0,82.0,2.745527694614966
0.0,0.0,17.0,0.0,0.0,0.0,83.0,2.7722422931149904
0.0,0.0,16.0,0.0,0.0,0.0,84.0,2.826272782737596
0.0,0.0,15.0,0.0,0.0,0.0,85.0,2.8431993535325675
0.0,0.0,14.0,0.0,0.0,0.0,86.0,2.8711790222852582
0.0,0.0,13.0,0.0,0.0,0.0,87.0,2.9175558818028877
0.0,0.0,12.0,0.0,0.0,0.0,88.0,2.9788134204897565
0.0,0.0,11.0,0.0,0.0,0.0,89.0,3.061649245192977
0.0,0.0,10.0,0.0,0.0,0.0,90.0,3.2963806924445627
0.0,0.0,9.0,0.0,0.0,0.0,91.0,3.452777895985973
0.0,0.0,8.0,0.0,0.0,0.0,92.0,3.5668108215455985
0.0,0.0,7.0,0.0,0.0,0.0,93.0,3.6963775172720807
0.0,0.0,6.0,0.0,0.0,0.0,94.0,4.023954592716035
0.0,0.0,5.0,0.0,0.0,0.0,95.0,4.062039466695258
0.0,0.0,4.0,0.0,0.0,0.0,96.0,4.435532941907376
0.0,0.0,3.0,0.0,0.0,0.0,97.0,4.506314737122299
0.0,0.0,2.0,0.0,0.0,0.0,98.0,4.928368786149477
0.0,0.0,1.0,0.0,0.0,0.0,99.0,5.1820797929050215
0.0,0.0,0.0,0.0,0.0,0.0,100.0,5.418900496447599
