V,B,W_B,C_B,C,W,P,t
98.0,1.0,0.0,0.0,1.0,0.0,0.0,0.0
97.0,2.0,0.0,0.0,1.0,0.0,0.0,0.025089009513546687
96.0,3.0,0.0,0.0,1.0,0.0,0.0,0.027336155711007427
95.0,4.0,0.0,0.0,1.0,0.0,0.0,0.029643059625960425
94.0,5.0,0.0,0.0,1.0,0.0,0.0,0.0299643450119402
93.0,6.0,0.0,0.0,1.0,0.0,0.0,0.030729462002073167
92.0,7.0,0.0,0.0,1.0,0.0,0.0,0.031153928681290875
91.0,8.0,0.0,0.0,1.0,0.0,0.0,0.0314969305891854
90.0,9.0,0.0,0.0,1.0,0.0,0.0,0.03190745220965747
89.0,10.0,0.0,0.0,1.0,0.0,0.0,0.03326445620571973
88.0,11.0,0.0,0.0,1.0,0.0,0.0,0.03450945270247188
87.0,12.0,0.0,0.0,1.0,0.0,0.0,0.034646412142037245
86.0,13.0,0.0,0.0,1.0,0.0,0.0,0.03471773051941353
85.0,14.0,0.0,0.0,1.0,0.0,0.0,0.03534084217274919
84.0,15.0,0.0,0.0,1.0,0.0,0.0,0.036009587548503405
83.0,16.0,0.0,0.0,1.0,0.0,0.0,0.036268568642182565
82.0,17.0,0.0,0.0,1.0,0.0,0.0,0.03744670164745032
81.0,18.0,0.0,0.0,1.0,0.0,0.0,0.038428579775925314
80.0,19.0,0.0,0.0,1.0,0.0,0.0,0.038933368328897044
79.0,20.0,0.0,0.0,1.0,0.0,0.0,0.04007733593429413
78.0,21.0,0.0,0.0,1.0,0.0,0.0,0.04049128364975514
77.0,22.0,0.0,0.0,1.0,0.0,0.0,0.04076113022854377
76.0,23.0,0.0,0.0,1.0,0.0,0.0,0.04108421435571555
75.0,24.0,0.0,0.0,1.0,0.0,0.0,0.041675659256640664
74.0,25.0,0.0,0.0,1.0,0.0,0.0,0.04171182232009936
73.0,26.0,0.0,0.0,1.0,0.0,0.0,0.04209998613817206
72.0,27.0,0.0,0.0,1.0,0.0,0.0,0.042248446455715745
71.0,28.0,0.0,0.0,1.0,0.0,0.0,0.042285974523778115
70.0,29.0,0.0,0.0,1.0,0.0,0.0,0.04306604907374602
69.0,30.0,0.0,0.0,1.0,0.0,0.0,0.04326480891077016
68.0,31.0,0.0,0.0,1.0,0.0,0.0,0.043943506428725604
67.0,32.0,0.0,0.0,1.0,0.0,0.0,0.04422496599952591
66.0,33.0,0.0,0.0,1.0,0.0,0.0,0.0445563214346941
65.0,34.0,0.0,0.0,1.0,0.0,0.0,0.0447941903952372
64.0,35.0,0.0,0.0,1.0,0.0,0.0,0.0448691153341667
63.0,36.0,0.0,0.0,1.0,0.0,0.0,0.04526225561722237
62.0,37.0,0.0,0.0,1.0,0.0,0.0,0.04555393813990394
61.0,38.0,0.0,0.0,1.0,0.0,0.0,0.045927767221017136
60.0,39.0,0.0,0.0,1.0,0.0,0.0,0.04614786997790842
59.0,40.0,0.0,0.0,1.0,0.0,0.0,0.046326561475846156
58.0,41.0,0.0,0.0,1.0,0.0,0.0,0.046432363567560496
57.0,42.0,0.0,0.0,1.0,0.0,0.0,0.046717201382572654
56.0,43.0,0.0,0.0,1.0,0.0,0.0,0.04754574043278381
55.0,44.0,0.0,0.0,1.0,0.0,0.0,0.0475516452082628
54.0,45.0,0.0,0.0,1.0,0.0,0.0,0.04767447829737297
53.0,46.0,0.0,0.0,1.0,0.0,0.0,0.04770827222049725
52.0,47.0,0.0,0.0,1.0,0.0,0.0,0.04790955481326994
51.0,48.0,0.0,0.0,1.0,0.0,0.0,0.04833683803583781
50.0,49.0,0.0,0.0,1.0,0.0,0.0,0.04893575478638524
49.0,50.0,0.0,0.0,1.0,0.0,0.0,0.050422027809783256
48.0,51.0,0.0,0.0,1.0,0.0,0.0,0.05069398317412262
47.0,52.0,0.0,0.0,1.0,0.0,0.0,0.05080380128005426
46.0,53.0,0.0,0.0,1.0,0.0,0.0,0.05118120439215773
45.0,54.0,0.0,0.0,1.0,0.0,0.0,0.05121121001992824
44.0,55.0,0.0,0.0,1.0,0.0,0.0,0.05143656678480217
43.0,56.0,0.0,0.0,1.0,0.0,0.0,0.05201696956513429
42.0,57.0,0.0,0.0,1.0,0.0,0.0,0.05226490920877041
41.0,58.0,0.0,0.0,1.0,0.0,0.0,0.052590219127269425
40.0,59.0,0.0,0.0,1.0,0.0,0.0,0.05339814110829685
39.0,60.0,0.0,0.0,1.0,0.0,0.0,0.05349964062892116
39.0,60.0,0.0,1.0,0.0,0.0,0.0,0.05400905561063172
38.0,61.0,0.0,1.0,0.0,0.0,0.0,0.05490572484090947
37.0,62.0,0.0,1.0,0.0,0.0,0.0,0.05546246385250181
36.0,63.0,0.0,1.0,0.0,0.0,0.0,0.05598879253316687
35.0,64.0,0.0,1.0,0.0,0.0,0.0,0.05617831029815161
34.0,65.0,0.0,1.0,0.0,0.0,0.0,0.05649222880538124
33.0,66.0,0.0,1.0,0.0,0.0,0.0,0.057318821722182674
32.0,67.0,0.0,1.0,0.0,0.0,0.0,0.05747505902024009
31.0,68.0,0.0,1.0,0.0,0.0,0.0,0.05810422915960242
30.0,69.0,0.0,1.0,0.0,0.0,0.0,0.0583967988180454
29.0,70.0,0.0,1.0,0.0,0.0,0.0,0.059076635476066286
28.0,71.0,0.0,1.0,0.0,0.0,0.0,0.059644664955956835
27.0,72.0,0.0,1.0,0.0,0.0,0.0,0.059669239025434716
26.0,73.0,0.0,1.0,0.0,0.0,0.0,0.06033738779553498
25.0,74.0,0.0,1.0,0.0,0.0,0.0,0.060767583851667105
24.0,75.0,0.0,1.0,0.0,0.0,0.0,0.06088880920200512
23.0,76.0,0.0,1.0,0.0,0.0,0.0,0.06092786453780695
22.0,77.0,0.0,1.0,0.0,0.0,0.0,0.061426767456705215
21.0,78.0,0.0,1.0,0.0,0.0,0.0,0.061451233287205934
20.0,79.0,0.0,1.0,0.0,0.0,0.0,0.06180954498033881
19.0,80.0,0.0,1.0,0.0,0.0,0.0,0.06214372425125352
18.0,81.0,0.0,1.0,0.0,0.0,0.0,0.06236433190487338
17.0,82.0,0.0,1.0,0.0,0.0,0.0,0.06418883903509026
16.0,83.0,0.0,1.0,0.0,0.0,0.0,0.06431695369202738
15.0,84.0,0.0,1.0,0.0,0.0,0.0,0.06447641311874805
14.0,85.0,0.0,1.0,0.0,0.0,0.0,0.06483418222284289
13.0,86.0,0.0,1.0,0.0,0.0,0.0,0.06557428755388958
12.0,87.0,0.0,1.0,0.0,0.0,0.0,0.07051286197166905
11.0,88.0,0.0,1.0,0.0,0.0,0.0,0.07064231707226937
10.0,89.0,0.0,1.0,0.0,0.0,0.0,0.0712564138740181
9.0,90.0,0.0,1.0,0.0,0.0,0.0,0.07172554147186541
8.0,91.0,0.0,1.0,0.0,0.0,0.0,0.07237278657091861
7.0,92.0,0.0,1.0,0.0,0.0,0.0,0.07384902751112848
6.0,93.0,0.0,1.0,0.0,0.0,0.0,0.0740459792480438
5.0,94.0,0.0,1.0,0.0,0.0,0.0,0.07461572510324511
4.0,95.0,0.0,1.0,0.0,0.0,0.0,0.08835130973901816
3.0,96.0,0.0,1.0,0.0,0.0,0.0,0.09197962737674269
2.0,97.0,0.0,1.0,0.0,0.0,0.0,0.09833088935742712
1.0,98.0,0.0,1.0,0.0,0.0,0.0,0.09855820822967701
0.0,99.0,0.0,1.0,0.0,0.0,0.0,0.09891762203919922
0.0,99.0,0.0,0.0,0.0,0.0,1.0,0.12187129175967354
