V,B,W_B,C_B,C,W,P,t
98.0,1.0,0.0,0.0,1.0,0.0,0.0,0.0
97.0,2.0,0.0,0.0,1.0,0.0,0.0,0.00786821300205213
96.0,3.0,0.0,0.0,1.0,0.0,0.0,0.009495864556638407
95.0,4.0,0.0,0.0,1.0,0.0,0.0,0.012980202221921505
94.0,5.0,0.0,0.0,1.0,0.0,0.0,0.0188380937995769
93.0,6.0,0.0,0.0,1.0,0.0,0.0,0.022284767984054057
92.0,7.0,0.0,0.0,1.0,0.0,0.0,0.024765001986790065
91.0,8.0,0.0,0.0,1.0,0.0,0.0,0.027038606375301786
90.0,9.0,0.0,0.0,1.0,0.0,0.0,0.03024929855335587
89.0,10.0,0.0,0.0,1.0,0.0,0.0,0.03153186174676427
88.0,11.0,0.0,0.0,1.0,0.0,0.0,0.03180151359239139
87.0,12.0,0.0,0.0,1.0,0.0,0.0,0.03205154857240648
86.0,13.0,0.0,0.0,1.0,0.0,0.0,0.032320139531910784
85.0,14.0,0.0,0.0,1.0,0.0,0.0,0.03280000246147004
84.0,15.0,0.0,0.0,1.0,0.0,0.0,0.03361669720743636
83.0,16.0,0.0,0.0,1.0,0.0,0.0,0.034501034374633525
82.0,17.0,0.0,0.0,1.0,0.0,0.0,0.03472060085008796
81.0,18.0,0.0,0.0,1.0,0.0,0.0,0.03484037862701823
80.0,19.0,0.0,0.0,1.0,0.0,0.0,0.03532631825757205
79.0,20.0,0.0,0.0,1.0,0.0,0.0,0.035596783915509675
78.0,21.0,0.0,0.0,1.0,0.0,0.0,0.038727199441207935
77.0,22.0,0.0,0.0,1.0,0.0,0.0,0.03931240247013496
76.0,23.0,0.0,0.0,1.0,0.0,0.0,0.039462535587550786
75.0,24.0,0.0,0.0,1.0,0.0,0.0,0.04040542471385276
74.0,25.0,0.0,0.0,1.0,0.0,0.0,0.04073859304212858
73.0,26.0,0.0,0.0,1.0,0.0,0.0,0.04082493087065648
72.0,27.0,0.0,0.0,1.0,0.0,0.0,0.04089546076640612
71.0,28.0,0.0,0.0,1.0,0.0,0.0,0.040908321049598684
70.0,29.0,0.0,0.0,1.0,0.0,0.0,0.04094239321555136
69.0,30.0,0.0,0.0,1.0,0.0,0.0,0.041303430342409145
68.0,31.0,0.0,0.0,1.0,0.0,0.0,0.041477607124754526
67.0,32.0,0.0,0.0,1.0,0.0,0.0,0.04148889216484037
66.0,33.0,0.0,0.0,1.0,0.0,0.0,0.04159826153317053
65.0,34.0,0.0,0.0,1.0,0.0,0.0,0.042359742673089236
64.0,35.0,0.0,0.0,1.0,0.0,0.0,0.042364059356172525
63.0,36.0,0.0,0.0,1.0,0.0,0.0,0.04255446261766855
62.0,37.0,0.0,0.0,1.0,0.0,0.0,0.04294721676872354
61.0,38.0,0.0,0.0,1.0,0.0,0.0,0.04341513210637983
60.0,39.0,0.0,0.0,1.0,0.0,0.0,0.043481685276709585
59.0,40.0,0.0,0.0,1.0,0.0,0.0,0.04363258313586834
58.0,41.0,0.0,0.0,1.0,0.0,0.0,0.043827218865276754
57.0,42.0,0.0,0.0,1.0,0.0,0.0,0.04384477812869453
56.0,43.0,0.0,0.0,1.0,0.0,0.0,0.043928160329556994
55.0,44.0,0.0,0.0,1.0,0.0,0.0,0.043985791495801486
54.0,45.0,0.0,0.0,1.0,0.0,0.0,0.04401875455508179
53.0,46.0,0.0,0.0,1.0,0.0,0.0,0.0442059887315135
52.0,47.0,0.0,0.0,1.0,0.0,0.0,0.044486158646352594
51.0,48.0,0.0,0.0,1.0,0.0,0.0,0.04510279184523232
50.0,49.0,0.0,0.0,1.0,0.0,0.0,0.04518290602559644
49.0,50.0,0.0,0.0,1.0,0.0,0.0,0.045243129570461525
48.0,51.0,0.0,0.0,1.0,0.0,0.0,0.04670275552655337
47.0,52.0,0.0,0.0,1.0,0.0,0.0,0.04727421767632194
46.0,53.0,0.0,0.0,1.0,0.0,0.0,0.04799006385628017
45.0,54.0,0.0,0.0,1.0,0.0,0.0,0.04815572124956426
44.0,55.0,0.0,0.0,1.0,0.0,0.0,0.04843060111691357
43.0,56.0,0.0,0.0,1.0,0.0,0.0,0.04853889099676388
42.0,57.0,0.0,0.0,1.0,0.0,0.0,0.04862163045233901
41.0,58.0,0.0,0.0,1.0,0.0,0.0,0.04920594870916754
40.0,59.0,0.0,0.0,1.0,0.0,0.0,0.0492443451198659
39.0,60.0,0.0,0.0,1.0,0.0,0.0,0.04954473999080933
38.0,61.0,0.0,0.0,1.0,0.0,0.0,0.05041075290853992
37.0,62.0,0.0,0.0,1.0,0.0,0.0,0.0507395058677779
36.0,63.0,0.0,0.0,1.0,0.0,0.0,0.05086457690397298
35.0,64.0,0.0,0.0,1.0,0.0,0.0,0.05098436829970561
34.0,65.0,0.0,0.0,1.0,0.0,0.0,0.0511391772573806
33.0,66.0,0.0,0.0,1.0,0.0,0.0,0.05120725342398172
32.0,67.0,0.0,0.0,1.0,0.0,0.0,0.051439865435828395
31.0,68.0,0.0,0.0,1.0,0.0,0.0,0.052646972709341586
30.0,69.0,0.0,0.0,1.0,0.0,0.0,0.05272101839445726
29.0,70.0,0.0,0.0,1.0,0.0,0.0,0.052761083384296116
28.0,71.0,0.0,0.0,1.0,0.0,0.0,0.05277968187674107
27.0,72.0,0.0,0.0,1.0,0.0,0.0,0.05283231285752792
26.0,73.0,0.0,0.0,1.0,0.0,0.0,0.054820672121790835
25.0,74.0,0.0,0.0,1.0,0.0,0.0,0.055760039122494866
24.0,75.0,0.0,0.0,1.0,0.0,0.0,0.05578625494601429
23.0,76.0,0.0,0.0,1.0,0.0,0.0,0.05620119987025009
22.0,77.0,0.0,0.0,1.0,0.0,0.0,0.056314983618794355
21.0,78.0,0.0,0.0,1.0,0.0,0.0,0.057191955034572126
20.0,79.0,0.0,0.0,1.0,0.0,0.0,0.05752716215945665
19.0,80.0,0.0,0.0,1.0,0.0,0.0,0.05810930504851123
18.0,81.0,0.0,0.0,1.0,0.0,0.0,0.0583618852110114
18.0,81.0,0.0,1.0,0.0,0.0,0.0,0.05953409782696781
17.0,82.0,0.0,1.0,0.0,0.0,0.0,0.05965090569764331
16.0,83.0,0.0,1.0,0.0,0.0,0.0,0.06046437444002156
15.0,84.0,0.0,1.0,0.0,0.0,0.0,0.06128690544429515
14.0,85.0,0.0,1.0,0.0,0.0,0.0,0.06226313907986381
13.0,86.0,0.0,1.0,0.0,0.0,0.0,0.06268604958092859
12.0,87.0,0.0,1.0,0.0,0.0,0.0,0.0627596912259479
11.0,88.0,0.0,1.0,0.0,0.0,0.0,0.06278429211964183
10.0,89.0,0.0,1.0,0.0,0.0,0.0,0.06315155131202309
10.0,89.0,0.0,0.0,0.0,0.0,1.0,0.0636544938504208
9.0,90.0,0.0,0.0,0.0,0.0,1.0,0.06481290054728778
8.0,91.0,0.0,0.0,0.0,0.0,1.0,0.06574597060878475
7.0,92.0,0.0,0.0,0.0,0.0,1.0,0.06770135726605053
6.0,93.0,0.0,0.0,0.0,0.0,1.0,0.06801892055131416
5.0,94.0,0.0,0.0,0.0,0.0,1.0,0.06913560216996674
4.0,95.0,0.0,0.0,0.0,0.0,1.0,0.07602407591329703
3.0,96.0,0.0,0.0,0.0,0.0,1.0,0.07653285533207216
2.0,97.0,0.0,0.0,0.0,0.0,1.0,0.07735271647302097
1.0,98.0,0.0,0.0,0.0,0.0,1.0,0.08339337563692781
0.0,99.0,0.0,0.0,0.0,0.0,1.0,0.0841289342209354
