V,B,W_B,C_B,C,W,P,t
98.0,1.0,0.0,0.0,1.0,0.0,0.0,0.0
97.0,2.0,0.0,0.0,1.0,0.0,0.0,0.014185758694354974
96.0,3.0,0.0,0.0,1.0,0.0,0.0,0.01779029355953455
95.0,4.0,0.0,0.0,1.0,0.0,0.0,0.02614999098358708
94.0,5.0,0.0,0.0,1.0,0.0,0.0,0.027000908346636817
93.0,6.0,0.0,0.0,1.0,0.0,0.0,0.030865339507670227
92.0,7.0,0.0,0.0,1.0,0.0,0.0,0.0311969735481767
91.0,8.0,0.0,0.0,1.0,0.0,0.0,0.03555578397472466
90.0,9.0,0.0,0.0,1.0,0.0,0.0,0.03627166403184787
89.0,10.0,0.0,0.0,1.0,0.0,0.0,0.03688082271927859
88.0,11.0,0.0,0.0,1.0,0.0,0.0,0.04205674333888871
87.0,12.0,0.0,0.0,1.0,0.0,0.0,0.04360441621270101
86.0,13.0,0.0,0.0,1.0,0.0,0.0,0.04366637365448799
85.0,14.0,0.0,0.0,1.0,0.0,0.0,0.04476989152241402
84.0,15.0,0.0,0.0,1.0,0.0,0.0,0.04518799305397226
83.0,16.0,0.0,0.0,1.0,0.0,0.0,0.045472190199767865
82.0,17.0,0.0,0.0,1.0,0.0,0.0,0.04554546518921658
81.0,18.0,0.0,0.0,1.0,0.0,0.0,0.045658196074008395
80.0,19.0,0.0,0.0,1.0,0.0,0.0,0.04622234324525655
79.0,20.0,0.0,0.0,1.0,0.0,0.0,0.04871423810527643
78.0,21.0,0.0,0.0,1.0,0.0,0.0,0.04893581263878401
77.0,22.0,0.0,0.0,1.0,0.0,0.0,0.04969161987502326
76.0,23.0,0.0,0.0,1.0,0.0,0.0,0.05030623144054169
75.0,24.0,0.0,0.0,1.0,0.0,0.0,0.050933331565072515
74.0,25.0,0.0,0.0,1.0,0.0,0.0,0.053783254688090254
73.0,26.0,0.0,0.0,1.0,0.0,0.0,0.05574332159908843
72.0,27.0,0.0,0.0,1.0,0.0,0.0,0.056361903278854195
71.0,28.0,0.0,0.0,1.0,0.0,0.0,0.05637564475202053
70.0,29.0,0.0,0.0,1.0,0.0,0.0,0.057783230794423615
69.0,30.0,0.0,0.0,1.0,0.0,0.0,0.05953359611732632
68.0,31.0,0.0,0.0,1.0,0.0,0.0,0.06204112935003279
67.0,32.0,0.0,0.0,1.0,0.0,0.0,0.062110855796577207
66.0,33.0,0.0,0.0,1.0,0.0,0.0,0.06344118167733066
65.0,34.0,0.0,0.0,1.0,0.0,0.0,0.0634530075794527
64.0,35.0,0.0,0.0,1.0,0.0,0.0,0.06383063818029577
63.0,36.0,0.0,0.0,1.0,0.0,0.0,0.06392709037393841
62.0,37.0,0.0,0.0,1.0,0.0,0.0,0.06453337761538636
61.0,38.0,0.0,0.0,1.0,0.0,0.0,0.06484524515210857
60.0,39.0,0.0,0.0,1.0,0.0,0.0,0.06490659389640524
59.0,40.0,0.0,0.0,1.0,0.0,0.0,0.06545611515216157
58.0,41.0,0.0,0.0,1.0,0.0,0.0,0.06568742045612838
57.0,42.0,0.0,0.0,1.0,0.0,0.0,0.06634404539674355
56.0,43.0,0.0,0.0,1.0,0.0,0.0,0.06684189550862146
55.0,44.0,0.0,0.0,1.0,0.0,0.0,0.0669771434390642
54.0,45.0,0.0,0.0,1.0,0.0,0.0,0.06754712083435127
53.0,46.0,0.0,0.0,1.0,0.0,0.0,0.06798920765887323
52.0,47.0,0.0,0.0,1.0,0.0,0.0,0.06822828276512498
51.0,48.0,0.0,0.0,1.0,0.0,0.0,0.06823096288592165
50.0,49.0,0.0,0.0,1.0,0.0,0.0,0.06851581530624304
49.0,50.0,0.0,0.0,1.0,0.0,0.0,0.0685404755560733
48.0,51.0,0.0,0.0,1.0,0.0,0.0,0.06862949958107387
47.0,52.0,0.0,0.0,1.0,0.0,0.0,0.06912834483587346
46.0,53.0,0.0,0.0,1.0,0.0,0.0,0.06969695194043644
45.0,54.0,0.0,0.0,1.0,0.0,0.0,0.06973642566336999
44.0,55.0,0.0,0.0,1.0,0.0,0.0,0.07009079090255928
43.0,56.0,0.0,0.0,1.0,0.0,0.0,0.07018359414247297
42.0,57.0,0.0,0.0,1.0,0.0,0.0,0.07023734059994848
41.0,58.0,0.0,0.0,1.0,0.0,0.0,0.0703686713350413
40.0,59.0,0.0,0.0,1.0,0.0,0.0,0.07056685952413819
39.0,60.0,0.0,0.0,1.0,0.0,0.0,0.07104750587442073
38.0,61.0,0.0,0.0,1.0,0.0,0.0,0.07125159010342941
37.0,62.0,0.0,0.0,1.0,0.0,0.0,0.0715285487884899
36.0,63.0,0.0,0.0,1.0,0.0,0.0,0.0724620780363799
35.0,64.0,0.0,0.0,1.0,0.0,0.0,0.07317188786137437
34.0,65.0,0.0,0.0,1.0,0.0,0.0,0.07343293416726185
33.0,66.0,0.0,0.0,1.0,0.0,0.0,0.07357379313775717
32.0,67.0,0.0,0.0,1.0,0.0,0.0,0.07360589280929035
31.0,68.0,0.0,0.0,1.0,0.0,0.0,0.0736468632179268
30.0,69.0,0.0,0.0,1.0,0.0,0.0,0.0741596572525142
29.0,70.0,0.0,0.0,1.0,0.0,0.0,0.0745582462195582
28.0,71.0,0.0,0.0,1.0,0.0,0.0,0.07481869235739498
27.0,72.0,0.0,0.0,1.0,0.0,0.0,0.07528642086012549
26.0,73.0,0.0,0.0,1.0,0.0,0.0,0.07616100145890813
25.0,74.0,0.0,0.0,1.0,0.0,0.0,0.0767747867238602
24.0,75.0,0.0,0.0,1.0,0.0,0.0,0.07751470837571882
23.0,76.0,0.0,0.0,1.0,0.0,0.0,0.07778083894620094
22.0,77.0,0.0,0.0,1.0,0.0,0.0,0.07854303687443633
21.0,78.0,0.0,0.0,1.0,0.0,0.0,0.0796488212239587
20.0,79.0,0.0,0.0,1.0,0.0,0.0,0.07990803005859909
19.0,80.0,0.0,0.0,1.0,0.0,0.0,0.07993058013906959
18.0,81.0,0.0,0.0,1.0,0.0,0.0,0.08054544491348249
17.0,82.0,0.0,0.0,1.0,0.0,0.0,0.0806250487242067
16.0,83.0,0.0,0.0,1.0,0.0,0.0,0.0810745646101973
15.0,84.0,0.0,0.0,1.0,0.0,0.0,0.08161196176396404
14.0,85.0,0.0,0.0,1.0,0.0,0.0,0.0820434633858527
13.0,86.0,0.0,0.0,1.0,0.0,0.0,0.08215031143060607
12.0,87.0,0.0,0.0,1.0,0.0,0.0,0.0833777458175016
11.0,88.0,0.0,0.0,1.0,0.0,0.0,0.08351310296825706
10.0,89.0,0.0,0.0,1.0,0.0,0.0,0.08420873318776712
9.0,90.0,0.0,0.0,1.0,0.0,0.0,0.08551700707112442
8.0,91.0,0.0,0.0,1.0,0.0,0.0,0.08566173908744179
7.0,92.0,0.0,0.0,1.0,0.0,0.0,0.08673251250292603
6.0,93.0,0.0,0.0,1.0,0.0,0.0,0.08675967377896249
5.0,94.0,0.0,0.0,1.0,0.0,0.0,0.08812994439123106
4.0,95.0,0.0,0.0,1.0,0.0,0.0,0.08842981112682688
3.0,96.0,0.0,0.0,1.0,0.0,0.0,0.09110455331616181
3.0,96.0,0.0,1.0,0.0,0.0,0.0,0.091126343155917
2.0,97.0,0.0,1.0,0.0,0.0,0.0,0.09172119391960082
1.0,98.0,0.0,1.0,0.0,0.0,0.0,0.09394485053726856
0.0,99.0,0.0,1.0,0.0,0.0,0.0,0.10247522548139018
0.0,99.0,0.0,0.0,0.0,0.0,1.0,0.22142045014800693
