V,B,W_B,C_B,C,W,P,t
98.0,1.0,0.0,0.0,1.0,0.0,0.0,0.0
97.0,2.0,0.0,0.0,1.0,0.0,0.0,0.0014617765575185265
96.0,3.0,0.0,0.0,1.0,0.0,0.0,0.00997341606926348
95.0,4.0,0.0,0.0,1.0,0.0,0.0,0.01757029630576584
94.0,5.0,0.0,0.0,1.0,0.0,0.0,0.019607136014875178
93.0,6.0,0.0,0.0,1.0,0.0,0.0,0.019776456248681597
92.0,7.0,0.0,0.0,1.0,0.0,0.0,0.02129126551832965
91.0,8.0,0.0,0.0,1.0,0.0,0.0,0.02367757445529235
90.0,9.0,0.0,0.0,1.0,0.0,0.0,0.025518191254756135
89.0,10.0,0.0,0.0,1.0,0.0,0.0,0.02622977754014075
88.0,11.0,0.0,0.0,1.0,0.0,0.0,0.026674067257102235
87.0,12.0,0.0,0.0,1.0,0.0,0.0,0.02686564715864972
86.0,13.0,0.0,0.0,1.0,0.0,0.0,0.027305674443203823
85.0,14.0,0.0,0.0,1.0,0.0,0.0,0.027384511801461574
84.0,15.0,0.0,0.0,1.0,0.0,0.0,0.02747915368232793
83.0,16.0,0.0,0.0,1.0,0.0,0.0,0.027916456682564848
82.0,17.0,0.0,0.0,1.0,0.0,0.0,0.02840036041716199
81.0,18.0,0.0,0.0,1.0,0.0,0.0,0.028606372340718972
80.0,19.0,0.0,0.0,1.0,0.0,0.0,0.028681006921660458
79.0,20.0,0.0,0.0,1.0,0.0,0.0,0.029106280168751886
78.0,21.0,0.0,0.0,1.0,0.0,0.0,0.029802334991102648
77.0,22.0,0.0,0.0,1.0,0.0,0.0,0.0301915610038134
76.0,23.0,0.0,0.0,1.0,0.0,0.0,0.030525151682140404
75.0,24.0,0.0,0.0,1.0,0.0,0.0,0.03184422320813471
74.0,25.0,0.0,0.0,1.0,0.0,0.0,0.032916740395551106
73.0,26.0,0.0,0.0,1.0,0.0,0.0,0.033285650211421394
72.0,27.0,0.0,0.0,1.0,0.0,0.0,0.03340429814659614
71.0,28.0,0.0,0.0,1.0,0.0,0.0,0.03402266147663368
70.0,29.0,0.0,0.0,1.0,0.0,0.0,0.034272952617399655
69.0,30.0,0.0,0.0,1.0,0.0,0.0,0.03431823692995252
68.0,31.0,0.0,0.0,1.0,0.0,0.0,0.034401358824790965
67.0,32.0,0.0,0.0,1.0,0.0,0.0,0.034590432545438546
66.0,33.0,0.0,0.0,1.0,0.0,0.0,0.034620670869335124
65.0,34.0,0.0,0.0,1.0,0.0,0.0,0.03473406454433912
64.0,35.0,0.0,0.0,1.0,0.0,0.0,0.03560360153371949
63.0,36.0,0.0,0.0,1.0,0.0,0.0,0.03616619829730465
62.0,37.0,0.0,0.0,1.0,0.0,0.0,0.036255745258451835
61.0,38.0,0.0,0.0,1.0,0.0,0.0,0.03647322487990191
60.0,39.0,0.0,0.0,1.0,0.0,0.0,0.03665834511813431
59.0,40.0,0.0,0.0,1.0,0.0,0.0,0.03751143390375209
58.0,41.0,0.0,0.0,1.0,0.0,0.0,0.038011319393480576
57.0,42.0,0.0,0.0,1.0,0.0,0.0,0.03874741223753056
56.0,43.0,0.0,0.0,1.0,0.0,0.0,0.03895197485196085
55.0,44.0,0.0,0.0,1.0,0.0,0.0,0.0393072807345412
54.0,45.0,0.0,0.0,1.0,0.0,0.0,0.039760188069827215
53.0,46.0,0.0,0.0,1.0,0.0,0.0,0.0400980291075917
52.0,47.0,0.0,0.0,1.0,0.0,0.0,0.040479649020777504
51.0,48.0,0.0,0.0,1.0,0.0,0.0,0.0410547076037483
50.0,49.0,0.0,0.0,1.0,0.0,0.0,0.041360551506032996
49.0,50.0,0.0,0.0,1.0,0.0,0.0,0.04155798551789642
48.0,51.0,0.0,0.0,1.0,0.0,0.0,0.04163735939400569
47.0,52.0,0.0,0.0,1.0,0.0,0.0,0.041746385537572435
46.0,53.0,0.0,0.0,1.0,0.0,0.0,0.04221806147125875
45.0,54.0,0.0,0.0,1.0,0.0,0.0,0.042345272385521375
44.0,55.0,0.0,0.0,1.0,0.0,0.0,0.04236552910777311
43.0,56.0,0.0,0.0,1.0,0.0,0.0,0.04255589761598206
42.0,57.0,0.0,0.0,1.0,0.0,0.0,0.04284453370432245
41.0,58.0,0.0,0.0,1.0,0.0,0.0,0.043046732143479316
40.0,59.0,0.0,0.0,1.0,0.0,0.0,0.04344918593202568
39.0,60.0,0.0,0.0,1.0,0.0,0.0,0.04406232027155025
38.0,61.0,0.0,0.0,1.0,0.0,0.0,0.04413268648456922
37.0,62.0,0.0,0.0,1.0,0.0,0.0,0.04442744542791148
36.0,63.0,0.0,0.0,1.0,0.0,0.0,0.04490848967713276
35.0,64.0,0.0,0.0,1.0,0.0,0.0,0.04500411398073775
34.0,65.0,0.0,0.0,1.0,0.0,0.0,0.045306358411431415
33.0,66.0,0.0,0.0,1.0,0.0,0.0,0.04536054188440188
32.0,67.0,0.0,0.0,1.0,0.0,0.0,0.04549691870229385
31.0,68.0,0.0,0.0,1.0,0.0,0.0,0.04562684287803439
30.0,69.0,0.0,0.0,1.0,0.0,0.0,0.04587101883642406
29.0,70.0,0.0,0.0,1.0,0.0,0.0,0.04604297244847529
28.0,71.0,0.0,0.0,1.0,0.0,0.0,0.04612673041142703
27.0,72.0,0.0,0.0,1.0,0.0,0.0,0.04666737666807715
26.0,73.0,0.0,0.0,1.0,0.0,0.0,0.047156743071431424
25.0,74.0,0.0,0.0,1.0,0.0,0.0,0.047486048961743445
24.0,75.0,0.0,0.0,1.0,0.0,0.0,0.04748790680128568
23.0,76.0,0.0,0.0,1.0,0.0,0.0,0.048180222735822585
22.0,77.0,0.0,0.0,1.0,0.0,0.0,0.04821632905607788
21.0,78.0,0.0,0.0,1.0,0.0,0.0,0.04866499229304857
20.0,79.0,0.0,0.0,1.0,0.0,0.0,0.050264933121768364
19.0,80.0,0.0,0.0,1.0,0.0,0.0,0.0508847522408237
18.0,81.0,0.0,0.0,1.0,0.0,0.0,0.05160358877105123
17.0,82.0,0.0,0.0,1.0,0.0,0.0,0.05166186096273245
16.0,83.0,0.0,0.0,1.0,0.0,0.0,0.05270328179277535
15.0,84.0,0.0,0.0,1.0,0.0,0.0,0.052745398296772106
14.0,85.0,0.0,0.0,1.0,0.0,0.0,0.053480560249563984
13.0,86.0,0.0,0.0,1.0,0.0,0.0,0.05432838681601246
12.0,87.0,0.0,0.0,1.0,0.0,0.0,0.054581052651463416
11.0,88.0,0.0,0.0,1.0,0.0,0.0,0.05505048546939639
10.0,89.0,0.0,0.0,1.0,0.0,0.0,0.05526365897635857
9.0,90.0,0.0,0.0,1.0,0.0,0.0,0.05719545049481294
8.0,91.0,0.0,0.0,1.0,0.0,0.0,0.061178589192356046
8.0,91.0,0.0,1.0,0.0,0.0,0.0,0.06157807112882442
7.0,92.0,0.0,1.0,0.0,0.0,0.0,0.06330168540621015
6.0,93.0,0.0,1.0,0.0,0.0,0.0,0.06527531893503367
5.0,94.0,0.0,1.0,0.0,0.0,0.0,0.06683099792700058
4.0,95.0,0.0,1.0,0.0,0.0,0.0,0.06855833859226862
3.0,96.0,0.0,1.0,0.0,0.0,0.0,0.07179862125100857
2.0,97.0,0.0,1.0,0.0,0.0,0.0,0.08312819959411967
1.0,98.0,0.0,1.0,0.0,0.0,0.0,0.09243637058821569
0.0,99.0,0.0,1.0,0.0,0.0,0.0,0.09490372141605898
0.0,99.0,0.0,0.0,0.0,0.0,1.0,0.9206249803325195
