V,B,W_B,C_B,C,W,P,t
98.0,1.0,0.0,0.0,1.0,0.0,0.0,0.0
97.0,2.0,0.0,0.0,1.0,0.0,0.0,0.012780531671324811
96.0,3.0,0.0,0.0,1.0,0.0,0.0,0.022962031221570367
95.0,4.0,0.0,0.0,1.0,0.0,0.0,0.024420382172524787
94.0,5.0,0.0,0.0,1.0,0.0,0.0,0.02451645978431295
93.0,6.0,0.0,0.0,1.0,0.0,0.0,0.02460657018515512
92.0,7.0,0.0,0.0,1.0,0.0,0.0,0.02717546704620645
91.0,8.0,0.0,0.0,1.0,0.0,0.0,0.02834412887260959
90.0,9.0,0.0,0.0,1.0,0.0,0.0,0.030782514445735317
89.0,10.0,0.0,0.0,1.0,0.0,0.0,0.03234034405164785
88.0,11.0,0.0,0.0,1.0,0.0,0.0,0.033005616828092506
87.0,12.0,0.0,0.0,1.0,0.0,0.0,0.03340695369931409
86.0,13.0,0.0,0.0,1.0,0.0,0.0,0.033637749313195096
85.0,14.0,0.0,0.0,1.0,0.0,0.0,0.033802526149741406
84.0,15.0,0.0,0.0,1.0,0.0,0.0,0.03406830131507198
83.0,16.0,0.0,0.0,1.0,0.0,0.0,0.03456919075992423
82.0,17.0,0.0,0.0,1.0,0.0,0.0,0.03848092770452253
81.0,18.0,0.0,0.0,1.0,0.0,0.0,0.03911317394550582
80.0,19.0,0.0,0.0,1.0,0.0,0.0,0.0405610701079128
79.0,20.0,0.0,0.0,1.0,0.0,0.0,0.04102333517943467
78.0,21.0,0.0,0.0,1.0,0.0,0.0,0.041118568431325705
77.0,22.0,0.0,0.0,1.0,0.0,0.0,0.04131734384336567
76.0,23.0,0.0,0.0,1.0,0.0,0.0,0.042912068306295445
75.0,24.0,0.0,0.0,1.0,0.0,0.0,0.04293922397667349
74.0,25.0,0.0,0.0,1.0,0.0,0.0,0.04317959080056985
73.0,26.0,0.0,0.0,1.0,0.0,0.0,0.043940497136496955
72.0,27.0,0.0,0.0,1.0,0.0,0.0,0.04409935256937922
71.0,28.0,0.0,0.0,1.0,0.0,0.0,0.04435766185535888
70.0,29.0,0.0,0.0,1.0,0.0,0.0,0.044810065033272464
69.0,30.0,0.0,0.0,1.0,0.0,0.0,0.045078645499027195
68.0,31.0,0.0,0.0,1.0,0.0,0.0,0.04533164005333449
67.0,32.0,0.0,0.0,1.0,0.0,0.0,0.04556396910461798
66.0,33.0,0.0,0.0,1.0,0.0,0.0,0.04574277987546662
65.0,34.0,0.0,0.0,1.0,0.0,0.0,0.0457633843770542
64.0,35.0,0.0,0.0,1.0,0.0,0.0,0.04588316413771871
63.0,36.0,0.0,0.0,1.0,0.0,0.0,0.04612660301441067
62.0,37.0,0.0,0.0,1.0,0.0,0.0,0.04663350725806714
61.0,38.0,0.0,0.0,1.0,0.0,0.0,0.04680160022416285
60.0,39.0,0.0,0.0,1.0,0.0,0.0,0.04722447535379204
59.0,40.0,0.0,0.0,1.0,0.0,0.0,0.04748928869289668
58.0,41.0,0.0,0.0,1.0,0.0,0.0,0.04788674208173039
57.0,42.0,0.0,0.0,1.0,0.0,0.0,0.0483336739358049
56.0,43.0,0.0,0.0,1.0,0.0,0.0,0.048711332109047246
55.0,44.0,0.0,0.0,1.0,0.0,0.0,0.04908224782967933
54.0,45.0,0.0,0.0,1.0,0.0,0.0,0.04932523114387113
53.0,46.0,0.0,0.0,1.0,0.0,0.0,0.05003106092041716
52.0,47.0,0.0,0.0,1.0,0.0,0.0,0.0502103682053262
51.0,48.0,0.0,0.0,1.0,0.0,0.0,0.05092846873398201
50.0,49.0,0.0,0.0,1.0,0.0,0.0,0.05093375582852682
49.0,50.0,0.0,0.0,1.0,0.0,0.0,0.05127474410196751
48.0,51.0,0.0,0.0,1.0,0.0,0.0,0.051376103793732204
47.0,52.0,0.0,0.0,1.0,0.0,0.0,0.05161576216405811
46.0,53.0,0.0,0.0,1.0,0.0,0.0,0.052027014710150914
45.0,54.0,0.0,0.0,1.0,0.0,0.0,0.05203736008464498
44.0,55.0,0.0,0.0,1.0,0.0,0.0,0.05229081186482174
43.0,56.0,0.0,0.0,1.0,0.0,0.0,0.053445644240156236
42.0,57.0,0.0,0.0,1.0,0.0,0.0,0.053675985935368466
41.0,58.0,0.0,0.0,1.0,0.0,0.0,0.053701083101453516
40.0,59.0,0.0,0.0,1.0,0.0,0.0,0.054305340569702425
39.0,60.0,0.0,0.0,1.0,0.0,0.0,0.055041341070190666
38.0,61.0,0.0,0.0,1.0,0.0,0.0,0.05540601176722387
37.0,62.0,0.0,0.0,1.0,0.0,0.0,0.056024930848900756
36.0,63.0,0.0,0.0,1.0,0.0,0.0,0.05623186405417681
35.0,64.0,0.0,0.0,1.0,0.0,0.0,0.05633261897541533
34.0,65.0,0.0,0.0,1.0,0.0,0.0,0.05645035599650095
33.0,66.0,0.0,0.0,1.0,0.0,0.0,0.05669467335556338
32.0,67.0,0.0,0.0,1.0,0.0,0.0,0.05710508375995295
31.0,68.0,0.0,0.0,1.0,0.0,0.0,0.058556072842041625
30.0,69.0,0.0,0.0,1.0,0.0,0.0,0.058774228282363936
29.0,70.0,0.0,0.0,1.0,0.0,0.0,0.05928318569223799
28.0,71.0,0.0,0.0,1.0,0.0,0.0,0.059564058825084275
27.0,72.0,0.0,0.0,1.0,0.0,0.0,0.0600500283700728
27.0,72.0,0.0,1.0,0.0,0.0,0.0,0.060778319811981
26.0,73.0,0.0,1.0,0.0,0.0,0.0,0.060871804404706284
25.0,74.0,0.0,1.0,0.0,0.0,0.0,0.060926657951162595
24.0,75.0,0.0,1.0,0.0,0.0,0.0,0.06247456060830189
23.0,76.0,0.0,1.0,0.0,0.0,0.0,0.06258030242779294
22.0,77.0,0.0,1.0,0.0,0.0,0.0,0.0639720819620744
21.0,78.0,0.0,1.0,0.0,0.0,0.0,0.06496159626140297
20.0,79.0,0.0,1.0,0.0,0.0,0.0,0.06521391771376936
19.0,80.0,0.0,1.0,0.0,0.0,0.0,0.0652730123764878
18.0,81.0,0.0,1.0,0.0,0.0,0.0,0.06607392411295793
17.0,82.0,0.0,1.0,0.0,0.0,0.0,0.0663137079642403
16.0,83.0,0.0,1.0,0.0,0.0,0.0,0.06676719674177928
15.0,84.0,0.0,1.0,0.0,0.0,0.0,0.06727422004225325
14.0,85.0,0.0,1.0,0.0,0.0,0.0,0.06846858145851398
13.0,86.0,0.0,1.0,0.0,0.0,0.0,0.07001529018009385
12.0,87.0,0.0,1.0,0.0,0.0,0.0,0.07131830422194507
11.0,88.0,0.0,1.0,0.0,0.0,0.0,0.07251482003166121
10.0,89.0,0.0,1.0,0.0,0.0,0.0,0.07265935351964832
9.0,90.0,0.0,1.0,0.0,0.0,0.0,0.07437333610048011
8.0,91.0,0.0,1.0,0.0,0.0,0.0,0.07533905639488335
7.0,92.0,0.0,1.0,0.0,0.0,0.0,0.07621145788020742
6.0,93.0,0.0,1.0,0.0,0.0,0.0,0.07830755507369672
5.0,94.0,0.0,1.0,0.0,0.0,0.0,0.07918144093084084
4.0,95.0,0.0,1.0,0.0,0.0,0.0,0.0821174409784287
3.0,96.0,0.0,1.0,0.0,0.0,0.0,0.0835294415101676
2.0,97.0,0.0,1.0,0.0,0.0,0.0,0.0863018049710267
2.0,97.0,0.0,0.0,0.0,0.0,1.0,0.08823738882472541
1.0,98.0,0.0,0.0,0.0,0.0,1.0,0.112507174936854
0.0,99.0,0.0,0.0,0.0,0.0,1.0,0.1271266407553722
