V,B,W_B,C_B,C,W,P,t
98.0,1.0,0.0,0.0,1.0,0.0,0.0,0.0
97.0,2.0,0.0,0.0,1.0,0.0,0.0,0.017668524189968005
96.0,3.0,0.0,0.0,1.0,0.0,0.0,0.04075928665755049
95.0,4.0,0.0,0.0,1.0,0.0,0.0,0.04168121698012669
94.0,5.0,0.0,0.0,1.0,0.0,0.0,0.0464276456230351
93.0,6.0,0.0,0.0,1.0,0.0,0.0,0.05063390351444884
92.0,7.0,0.0,0.0,1.0,0.0,0.0,0.05072139568741073
91.0,8.0,0.0,0.0,1.0,0.0,0.0,0.05198946784249542
90.0,9.0,0.0,0.0,1.0,0.0,0.0,0.05283118133732557
89.0,10.0,0.0,0.0,1.0,0.0,0.0,0.05373902929436396
88.0,11.0,0.0,0.0,1.0,0.0,0.0,0.05494926009015139
87.0,12.0,0.0,0.0,1.0,0.0,0.0,0.05531367713077199
86.0,13.0,0.0,0.0,1.0,0.0,0.0,0.05713949802271791
85.0,14.0,0.0,0.0,1.0,0.0,0.0,0.05797186873045008
84.0,15.0,0.0,0.0,1.0,0.0,0.0,0.05798838562811692
83.0,16.0,0.0,0.0,1.0,0.0,0.0,0.05827614845493772
82.0,17.0,0.0,0.0,1.0,0.0,0.0,0.05910065701965018
81.0,18.0,0.0,0.0,1.0,0.0,0.0,0.05954860921443199
80.0,19.0,0.0,0.0,1.0,0.0,0.0,0.06019000528569729
79.0,20.0,0.0,0.0,1.0,0.0,0.0,0.06153206933268033
78.0,21.0,0.0,0.0,1.0,0.0,0.0,0.06330965680404724
77.0,22.0,0.0,0.0,1.0,0.0,0.0,0.06334991382187648
76.0,23.0,0.0,0.0,1.0,0.0,0.0,0.06347391687022529
75.0,24.0,0.0,0.0,1.0,0.0,0.0,0.06452053239324093
74.0,25.0,0.0,0.0,1.0,0.0,0.0,0.06483210127050602
73.0,26.0,0.0,0.0,1.0,0.0,0.0,0.065099070182093
72.0,27.0,0.0,0.0,1.0,0.0,0.0,0.06731315455167763
71.0,28.0,0.0,0.0,1.0,0.0,0.0,0.06731482890399174
70.0,29.0,0.0,0.0,1.0,0.0,0.0,0.06758679923186624
69.0,30.0,0.0,0.0,1.0,0.0,0.0,0.06830913045793226
68.0,31.0,0.0,0.0,1.0,0.0,0.0,0.06835961239919658
67.0,32.0,0.0,0.0,1.0,0.0,0.0,0.06839980888623948
66.0,33.0,0.0,0.0,1.0,0.0,0.0,0.0689848717138381
65.0,34.0,0.0,0.0,1.0,0.0,0.0,0.06953669858709695
64.0,35.0,0.0,0.0,1.0,0.0,0.0,0.06989825717371899
63.0,36.0,0.0,0.0,1.0,0.0,0.0,0.07155390178899054
62.0,37.0,0.0,0.0,1.0,0.0,0.0,0.07158850595007228
61.0,38.0,0.0,0.0,1.0,0.0,0.0,0.07168263913051243
60.0,39.0,0.0,0.0,1.0,0.0,0.0,0.07169290449178733
59.0,40.0,0.0,0.0,1.0,0.0,0.0,0.07175772421106164
58.0,41.0,0.0,0.0,1.0,0.0,0.0,0.07206960458240633
57.0,42.0,0.0,0.0,1.0,0.0,0.0,0.07212430120686311
56.0,43.0,0.0,0.0,1.0,0.0,0.0,0.07231981701263736
55.0,44.0,0.0,0.0,1.0,0.0,0.0,0.07268124029056378
54.0,45.0,0.0,0.0,1.0,0.0,0.0,0.07315357538504749
53.0,46.0,0.0,0.0,1.0,0.0,0.0,0.07354856437052743
52.0,47.0,0.0,0.0,1.0,0.0,0.0,0.07367064051153283
51.0,48.0,0.0,0.0,1.0,0.0,0.0,0.07372997720660585
50.0,49.0,0.0,0.0,1.0,0.0,0.0,0.07389309323372846
49.0,50.0,0.0,0.0,1.0,0.0,0.0,0.07410504327982412
48.0,51.0,0.0,0.0,1.0,0.0,0.0,0.07450639818545043
47.0,52.0,0.0,0.0,1.0,0.0,0.0,0.07458831487882364
46.0,53.0,0.0,0.0,1.0,0.0,0.0,0.07472062252245554
45.0,54.0,0.0,0.0,1.0,0.0,0.0,0.07548591817274039
44.0,55.0,0.0,0.0,1.0,0.0,0.0,0.07614546568696069
43.0,56.0,0.0,0.0,1.0,0.0,0.0,0.07687419321873756
42.0,57.0,0.0,0.0,1.0,0.0,0.0,0.07742275096706035
41.0,58.0,0.0,0.0,1.0,0.0,0.0,0.0775998047715772
40.0,59.0,0.0,0.0,1.0,0.0,0.0,0.07805706581894249
39.0,60.0,0.0,0.0,1.0,0.0,0.0,0.07880141117331746
38.0,61.0,0.0,0.0,1.0,0.0,0.0,0.0792140633311603
38.0,61.0,0.0,1.0,0.0,0.0,0.0,0.07923475421012993
37.0,62.0,0.0,1.0,0.0,0.0,0.0,0.07926432350792385
36.0,63.0,0.0,1.0,0.0,0.0,0.0,0.07944486049031625
35.0,64.0,0.0,1.0,0.0,0.0,0.0,0.08020962663471552
34.0,65.0,0.0,1.0,0.0,0.0,0.0,0.08021281972220463
33.0,66.0,0.0,1.0,0.0,0.0,0.0,0.0803557563752444
32.0,67.0,0.0,1.0,0.0,0.0,0.0,0.08037376130641682
31.0,68.0,0.0,1.0,0.0,0.0,0.0,0.08074322402275536
30.0,69.0,0.0,1.0,0.0,0.0,0.0,0.08153904810225616
29.0,70.0,0.0,1.0,0.0,0.0,0.0,0.08177128730315264
28.0,71.0,0.0,1.0,0.0,0.0,0.0,0.08196734743504262
27.0,72.0,0.0,1.0,0.0,0.0,0.0,0.08294086025184538
26.0,73.0,0.0,1.0,0.0,0.0,0.0,0.08296609355371466
25.0,74.0,0.0,1.0,0.0,0.0,0.0,0.08324304061471621
24.0,75.0,0.0,1.0,0.0,0.0,0.0,0.08386905959425273
23.0,76.0,0.0,1.0,0.0,0.0,0.0,0.08447074163888345
22.0,77.0,0.0,1.0,0.0,0.0,0.0,0.08510572488697897
21.0,78.0,0.0,1.0,0.0,0.0,0.0,0.08667546849550074
20.0,79.0,0.0,1.0,0.0,0.0,0.0,0.08734478394230111
19.0,80.0,0.0,1.0,0.0,0.0,0.0,0.08854691798851541
18.0,81.0,0.0,1.0,0.0,0.0,0.0,0.0899414457629873
17.0,82.0,0.0,1.0,0.0,0.0,0.0,0.09024987221039359
16.0,83.0,0.0,1.0,0.0,0.0,0.0,0.0903512006736061
15.0,84.0,0.0,1.0,0.0,0.0,0.0,0.09121930950321226
14.0,85.0,0.0,1.0,0.0,0.0,0.0,0.09127139183138584
13.0,86.0,0.0,1.0,0.0,0.0,0.0,0.09164650802252777
12.0,87.0,0.0,1.0,0.0,0.0,0.0,0.09318646914974517
11.0,88.0,0.0,1.0,0.0,0.0,0.0,0.09364142332284754
10.0,89.0,0.0,1.0,0.0,0.0,0.0,0.09450365145408524
9.0,90.0,0.0,1.0,0.0,0.0,0.0,0.09536520649059972
8.0,91.0,0.0,1.0,0.0,0.0,0.0,0.09683065229902028
7.0,92.0,0.0,1.0,0.0,0.0,0.0,0.09730194100984713
6.0,93.0,0.0,1.0,0.0,0.0,0.0,0.09813722159189602
5.0,94.0,0.0,1.0,0.0,0.0,0.0,0.09877317788837922
4.0,95.0,0.0,1.0,0.0,0.0,0.0,0.10250104545815047
3.0,96.0,0.0,1.0,0.0,0.0,0.0,0.10273109171360485
2.0,97.0,0.0,1.0,0.0,0.0,0.0,0.10662781152982335
1.0,98.0,0.0,1.0,0.0,0.0,0.0,0.11377695568693161
0.0,99.0,0.0,1.0,0.0,0.0,0.0,0.11791571698520806
0.0,99.0,0.0,0.0,0.0,0.0,1.0,0.8263624025632236
