V,B,W_B,C_B,C,W,P,t
98.0,1.0,0.0,0.0,1.0,0.0,0.0,0.0
97.0,2.0,0.0,0.0,1.0,0.0,0.0,0.002256199813186722
96.0,3.0,0.0,0.0,1.0,0.0,0.0,0.009766192344039417
95.0,4.0,0.0,0.0,1.0,0.0,0.0,0.01179356852546299
94.0,5.0,0.0,0.0,1.0,0.0,0.0,0.012301163658038121
93.0,6.0,0.0,0.0,1.0,0.0,0.0,0.012787386899654852
92.0,7.0,0.0,0.0,1.0,0.0,0.0,0.01351742558238559
91.0,8.0,0.0,0.0,1.0,0.0,0.0,0.013682632821120108
90.0,9.0,0.0,0.0,1.0,0.0,0.0,0.01514184243749596
89.0,10.0,0.0,0.0,1.0,0.0,0.0,0.016730721327441182
88.0,11.0,0.0,0.0,1.0,0.0,0.0,0.018174598410585135
87.0,12.0,0.0,0.0,1.0,0.0,0.0,0.019089453596157494
86.0,13.0,0.0,0.0,1.0,0.0,0.0,0.019637973979782068
85.0,14.0,0.0,0.0,1.0,0.0,0.0,0.021160041426286722
84.0,15.0,0.0,0.0,1.0,0.0,0.0,0.021169476928895207
83.0,16.0,0.0,0.0,1.0,0.0,0.0,0.02203753232913365
82.0,17.0,0.0,0.0,1.0,0.0,0.0,0.022345197562607874
81.0,18.0,0.0,0.0,1.0,0.0,0.0,0.022737622529455825
80.0,19.0,0.0,0.0,1.0,0.0,0.0,0.023044755317525974
79.0,20.0,0.0,0.0,1.0,0.0,0.0,0.023166931482731256
78.0,21.0,0.0,0.0,1.0,0.0,0.0,0.023278636043587084
77.0,22.0,0.0,0.0,1.0,0.0,0.0,0.024145158994119616
76.0,23.0,0.0,0.0,1.0,0.0,0.0,0.024347664236354365
75.0,24.0,0.0,0.0,1.0,0.0,0.0,0.02457275072935105
74.0,25.0,0.0,0.0,1.0,0.0,0.0,0.025187341180455708
74.0,25.0,0.0,1.0,0.0,0.0,0.0,0.025703475615266543
73.0,26.0,0.0,1.0,0.0,0.0,0.0,0.025781033009133363
72.0,27.0,0.0,1.0,0.0,0.0,0.0,0.026081017157979072
71.0,28.0,0.0,1.0,0.0,0.0,0.0,0.026336571494693
70.0,29.0,0.0,1.0,0.0,0.0,0.0,0.027135098411117203
69.0,30.0,0.0,1.0,0.0,0.0,0.0,0.0271854377459943
68.0,31.0,0.0,1.0,0.0,0.0,0.0,0.02790905313884872
67.0,32.0,0.0,1.0,0.0,0.0,0.0,0.02792554897687242
66.0,33.0,0.0,1.0,0.0,0.0,0.0,0.028015354986415955
65.0,34.0,0.0,1.0,0.0,0.0,0.0,0.028178552962023973
64.0,35.0,0.0,1.0,0.0,0.0,0.0,0.029483245659322085
63.0,36.0,0.0,1.0,0.0,0.0,0.0,0.03035289583931865
62.0,37.0,0.0,1.0,0.0,0.0,0.0,0.03130497255562821
61.0,38.0,0.0,1.0,0.0,0.0,0.0,0.03147069863697388
60.0,39.0,0.0,1.0,0.0,0.0,0.0,0.03165231163686854
59.0,40.0,0.0,1.0,0.0,0.0,0.0,0.031848742977092295
58.0,41.0,0.0,1.0,0.0,0.0,0.0,0.0324375802142918
57.0,42.0,0.0,1.0,0.0,0.0,0.0,0.03294830984526739
56.0,43.0,0.0,1.0,0.0,0.0,0.0,0.03303665478006429
55.0,44.0,0.0,1.0,0.0,0.0,0.0,0.03303936405045459
54.0,45.0,0.0,1.0,0.0,0.0,0.0,0.03341986739572272
53.0,46.0,0.0,1.0,0.0,0.0,0.0,0.033436579989896256
52.0,47.0,0.0,1.0,0.0,0.0,0.0,0.03363799718339496
51.0,48.0,0.0,1.0,0.0,0.0,0.0,0.0336998484972004
50.0,49.0,0.0,1.0,0.0,0.0,0.0,0.03371434680212762
49.0,50.0,0.0,1.0,0.0,0.0,0.0,0.0340788960421763
48.0,51.0,0.0,1.0,0.0,0.0,0.0,0.03503488613757414
47.0,52.0,0.0,1.0,0.0,0.0,0.0,0.03592939881373489
46.0,53.0,0.0,1.0,0.0,0.0,0.0,0.03639874934700583
45.0,54.0,0.0,1.0,0.0,0.0,0.0,0.03671843950122975
44.0,55.0,0.0,1.0,0.0,0.0,0.0,0.037056223244715324
43.0,56.0,0.0,1.0,0.0,0.0,0.0,0.03706970867893298
42.0,57.0,0.0,1.0,0.0,0.0,0.0,0.037235748477832745
41.0,58.0,0.0,1.0,0.0,0.0,0.0,0.03787472880614896
40.0,59.0,0.0,1.0,0.0,0.0,0.0,0.03817290447922915
39.0,60.0,0.0,1.0,0.0,0.0,0.0,0.03854453611394032
38.0,61.0,0.0,1.0,0.0,0.0,0.0,0.03870892696621486
37.0,62.0,0.0,1.0,0.0,0.0,0.0,0.03953481304343057
36.0,63.0,0.0,1.0,0.0,0.0,0.0,0.039824478518229026
35.0,64.0,0.0,1.0,0.0,0.0,0.0,0.040062665188463686
34.0,65.0,0.0,1.0,0.0,0.0,0.0,0.041670011982238096
33.0,66.0,0.0,1.0,0.0,0.0,0.0,0.0418267354575688
32.0,67.0,0.0,1.0,0.0,0.0,0.0,0.04185685309707292
31.0,68.0,0.0,1.0,0.0,0.0,0.0,0.04210695744535707
30.0,69.0,0.0,1.0,0.0,0.0,0.0,0.04211519672208084
29.0,70.0,0.0,1.0,0.0,0.0,0.0,0.04330742189443886
28.0,71.0,0.0,1.0,0.0,0.0,0.0,0.04361227762209467
27.0,72.0,0.0,1.0,0.0,0.0,0.0,0.04380512972780711
26.0,73.0,0.0,1.0,0.0,0.0,0.0,0.043952293053620736
25.0,74.0,0.0,1.0,0.0,0.0,0.0,0.04441901961107184
24.0,75.0,0.0,1.0,0.0,0.0,0.0,0.0447680008943354
23.0,76.0,0.0,1.0,0.0,0.0,0.0,0.045314374318259555
22.0,77.0,0.0,1.0,0.0,0.0,0.0,0.04547859316584276
21.0,78.0,0.0,1.0,0.0,0.0,0.0,0.04607712033881031
20.0,79.0,0.0,1.0,0.0,0.0,0.0,0.04615389540815016
19.0,80.0,0.0,1.0,0.0,0.0,0.0,0.04705279903466926
18.0,81.0,0.0,1.0,0.0,0.0,0.0,0.04741581741111462
17.0,82.0,0.0,1.0,0.0,0.0,0.0,0.04903066084001485
16.0,83.0,0.0,1.0,0.0,0.0,0.0,0.049149586317922864
15.0,84.0,0.0,1.0,0.0,0.0,0.0,0.04985890940996554
14.0,85.0,0.0,1.0,0.0,0.0,0.0,0.051333787161852135
13.0,86.0,0.0,1.0,0.0,0.0,0.0,0.05215282464371472
12.0,87.0,0.0,1.0,0.0,0.0,0.0,0.052328424636859765
11.0,88.0,0.0,1.0,0.0,0.0,0.0,0.05303511179083215
10.0,89.0,0.0,1.0,0.0,0.0,0.0,0.05305012177904926
9.0,90.0,0.0,1.0,0.0,0.0,0.0,0.054362128343939296
8.0,91.0,0.0,1.0,0.0,0.0,0.0,0.05597440825320044
7.0,92.0,0.0,1.0,0.0,0.0,0.0,0.060677081332145236
6.0,93.0,0.0,1.0,0.0,0.0,0.0,0.062246891003243245
5.0,94.0,0.0,1.0,0.0,0.0,0.0,0.06640102139029318
4.0,95.0,0.0,1.0,0.0,0.0,0.0,0.0706097436339268
3.0,96.0,0.0,1.0,0.0,0.0,0.0,0.07066701898240395
2.0,97.0,0.0,1.0,0.0,0.0,0.0,0.07805421289234575
1.0,98.0,0.0,1.0,0.0,0.0,0.0,0.08075165535712232
0.0,99.0,0.0,1.0,0.0,0.0,0.0,0.09267380959610508
0.0,99.0,1.0,0.0,0.0,0.0,0.0,8.581920374456102
0.0,98.0,1.0,1.0,0.0,0.0,0.0,8.587808644540873
0.0,97.0,1.0,2.0,0.0,0.0,0.0,8.589287057400535
0.0,96.0,1.0,3.0,0.0,0.0,0.0,8.618788059255332
0.0,95.0,1.0,4.0,0.0,0.0,0.0,8.650458989844045
0.0,94.0,1.0,5.0,0.0,0.0,0.0,8.664614963825375
0.0,93.0,1.0,6.0,0.0,0.0,0.0,8.665814104205067
0.0,92.0,1.0,7.0,0.0,0.0,0.0,8.696282129757451
0.0,91.0,1.0,8.0,0.0,0.0,0.0,8.696803679747394
0.0,90.0,1.0,9.0,0.0,0.0,0.0,8.700181187533287
0.0,89.0,1.0,10.0,0.0,0.0,0.0,8.706362088269568
0.0,88.0,1.0,11.0,0.0,0.0,0.0,8.716446696635598
0.0,87.0,1.0,12.0,0.0,0.0,0.0,8.716781890988091
0.0,86.0,1.0,13.0,0.0,0.0,0.0,8.727839121492233
0.0,85.0,1.0,14.0,0.0,0.0,0.0,8.745480600571371
0.0,84.0,1.0,15.0,0.0,0.0,0.0,8.750943529653712
0.0,84.0,2.0,14.0,0.0,0.0,0.0,8.767039508073871
0.0,83.0,2.0,15.0,0.0,0.0,0.0,8.768653474884195
0.0,82.0,2.0,16.0,0.0,0.0,0.0,8.774266804197781
0.0,81.0,2.0,17.0,0.0,0.0,0.0,8.775745195877198
0.0,80.0,2.0,18.0,0.0,0.0,0.0,8.777796904502722
0.0,79.0,2.0,19.0,0.0,0.0,0.0,8.79513501421286
0.0,78.0,2.0,20.0,0.0,0.0,0.0,8.798641310413911
0.0,77.0,2.0,21.0,0.0,0.0,0.0,8.799194670113012
0.0,76.0,2.0,22.0,0.0,0.0,0.0,8.811941534554032
0.0,75.0,2.0,23.0,0.0,0.0,0.0,8.817466742695776
0.0,75.0,3.0,22.0,0.0,0.0,0.0,8.821381440408002
0.0,74.0,3.0,23.0,0.0,0.0,0.0,8.821981887355596
0.0,73.0,3.0,24.0,0.0,0.0,0.0,8.830592941312464
0.0,72.0,3.0,25.0,0.0,0.0,0.0,8.832018666008272
0.0,71.0,3.0,26.0,0.0,0.0,0.0,8.834743657561628
0.0,70.0,3.0,27.0,0.0,0.0,0.0,8.835204326325108
0.0,69.0,3.0,28.0,0.0,0.0,0.0,8.835223287486711
0.0,68.0,3.0,29.0,0.0,0.0,0.0,8.840652475160063
0.0,67.0,3.0,30.0,0.0,0.0,0.0,8.840982429914616
0.0,66.0,3.0,31.0,0.0,0.0,0.0,8.841547790043231
0.0,65.0,3.0,32.0,0.0,0.0,0.0,8.843697793215835
0.0,64.0,3.0,33.0,0.0,0.0,0.0,8.844495815592172
0.0,63.0,3.0,34.0,0.0,0.0,0.0,8.849463987717746
0.0,62.0,3.0,35.0,0.0,0.0,0.0,8.84980712963155
0.0,62.0,4.0,34.0,0.0,0.0,0.0,8.850886192858988
0.0,61.0,4.0,35.0,0.0,0.0,0.0,8.856823582753286
0.0,60.0,4.0,36.0,0.0,0.0,0.0,8.864988093529766
0.0,59.0,4.0,37.0,0.0,0.0,0.0,8.867159653452356
0.0,58.0,4.0,38.0,0.0,0.0,0.0,8.870062618632103
0.0,57.0,4.0,39.0,0.0,0.0,0.0,8.873373110779392
0.0,56.0,4.0,40.0,0.0,0.0,0.0,8.877843328158038
0.0,55.0,4.0,41.0,0.0,0.0,0.0,8.881972535406948
0.0,54.0,4.0,42.0,0.0,0.0,0.0,8.884811357465235
0.0,53.0,4.0,43.0,0.0,0.0,0.0,8.886352631623435
0.0,53.0,5.0,42.0,0.0,0.0,0.0,8.886360653720013
0.0,52.0,5.0,43.0,0.0,0.0,0.0,8.890576164807685
0.0,51.0,5.0,44.0,0.0,0.0,0.0,8.902039322661869
0.0,50.0,5.0,45.0,0.0,0.0,0.0,8.90220420358684
0.0,49.0,5.0,46.0,0.0,0.0,0.0,8.903400531716132
0.0,48.0,5.0,47.0,0.0,0.0,0.0,8.913436384711016
0.0,47.0,5.0,48.0,0.0,0.0,0.0,8.914970501646888
0.0,46.0,5.0,49.0,0.0,0.0,0.0,8.92018871074855
0.0,46.0,6.0,48.0,0.0,0.0,0.0,8.924098890379227
0.0,45.0,6.0,49.0,0.0,0.0,0.0,8.92413310686651
0.0,44.0,6.0,50.0,0.0,0.0,0.0,8.926323527223044
0.0,43.0,6.0,51.0,0.0,0.0,0.0,8.942461080511011
0.0,42.0,6.0,52.0,0.0,0.0,0.0,8.946962223401824
0.0,41.0,6.0,53.0,0.0,0.0,0.0,8.94700037212111
0.0,40.0,6.0,54.0,0.0,0.0,0.0,8.948011041867861
0.0,39.0,6.0,55.0,0.0,0.0,0.0,8.948214274468716
0.0,38.0,6.0,56.0,0.0,0.0,0.0,8.954497974124926
0.0,37.0,6.0,57.0,0.0,0.0,0.0,8.956726826745815
0.0,36.0,6.0,58.0,0.0,0.0,0.0,8.963633000513509
0.0,35.0,6.0,59.0,0.0,0.0,0.0,8.971661041919738
0.0,34.0,6.0,60.0,0.0,0.0,0.0,8.973143360985622
0.0,33.0,6.0,61.0,0.0,0.0,0.0,8.979186921760663
0.0,32.0,6.0,62.0,0.0,0.0,0.0,8.982222212418726
0.0,31.0,6.0,63.0,0.0,0.0,0.0,8.985306431065528
0.0,30.0,6.0,64.0,0.0,0.0,0.0,8.988469792351388
0.0,29.0,6.0,65.0,0.0,0.0,0.0,8.992676479688058
0.0,28.0,6.0,66.0,0.0,0.0,0.0,8.993053514125634
0.0,27.0,6.0,67.0,0.0,0.0,0.0,8.99654424158665
0.0,26.0,6.0,68.0,0.0,0.0,0.0,9.00976393829203
0.0,25.0,6.0,69.0,0.0,0.0,0.0,9.022560775196743
0.0,24.0,6.0,70.0,0.0,0.0,0.0,9.026854546748863
0.0,23.0,6.0,71.0,0.0,0.0,0.0,9.028318678252882
0.0,22.0,6.0,72.0,0.0,0.0,0.0,9.029171265082308
0.0,21.0,6.0,73.0,0.0,0.0,0.0,9.033317429198435
0.0,20.0,6.0,74.0,0.0,0.0,0.0,9.03646317399651
0.0,19.0,6.0,75.0,0.0,0.0,0.0,9.039767171093962
0.0,19.0,7.0,74.0,0.0,0.0,0.0,9.04783023850099
0.0,18.0,7.0,75.0,0.0,0.0,0.0,9.058934261457795
0.0,17.0,7.0,76.0,0.0,0.0,0.0,9.059343040291195
0.0,16.0,7.0,77.0,0.0,0.0,0.0,9.061999363072076
0.0,15.0,7.0,78.0,0.0,0.0,0.0,9.063509648614104
0.0,14.0,7.0,79.0,0.0,0.0,0.0,9.06905117318419
0.0,14.0,8.0,78.0,0.0,0.0,0.0,9.075524235979094
0.0,14.0,9.0,77.0,0.0,0.0,0.0,9.080684296944044
0.0,14.0,10.0,76.0,0.0,0.0,0.0,9.08224448536278
0.0,13.0,10.0,77.0,0.0,0.0,0.0,9.084706620392382
0.0,12.0,10.0,78.0,0.0,0.0,0.0,9.085518610461369
0.0,12.0,11.0,77.0,0.0,0.0,0.0,9.100384273346961
0.0,11.0,11.0,78.0,0.0,0.0,0.0,9.103356943597925
0.0,10.0,11.0,79.0,0.0,0.0,0.0,9.107611187116316
0.0,10.0,10.0,79.0,0.0,0.0,1.0,9.11561157434139
0.0,10.0,11.0,78.0,0.0,0.0,1.0,9.119369154606316
0.0,9.0,11.0,79.0,0.0,0.0,1.0,9.12692393580908
0.0,8.0,11.0,80.0,0.0,0.0,1.0,9.128753477354465
0.0,8.0,12.0,79.0,0.0,0.0,1.0,9.130550218796989
0.0,7.0,12.0,80.0,0.0,0.0,1.0,9.134069702782082
0.0,7.0,13.0,79.0,0.0,0.0,1.0,9.13798063991836
0.0,7.0,14.0,78.0,0.0,0.0,1.0,9.138486571740199
0.0,6.0,14.0,79.0,0.0,0.0,1.0,9.144233929725413
0.0,5.0,14.0,80.0,0.0,0.0,1.0,9.164317442322817
0.0,5.0,15.0,79.0,0.0,0.0,1.0,9.179395930490706
0.0,4.0,15.0,80.0,0.0,0.0,1.0,9.193814314717926
0.0,3.0,15.0,81.0,0.0,0.0,1.0,9.213711493528562
0.0,3.0,16.0,80.0,0.0,0.0,1.0,9.22392207082116
0.0,2.0,16.0,81.0,0.0,0.0,1.0,9.225905262617037
0.0,1.0,16.0,82.0,0.0,0.0,1.0,9.226486135628674
0.0,0.0,16.0,83.0,0.0,0.0,1.0,9.227683959232536
0.0,0.0,17.0,82.0,0.0,0.0,1.0,9.268674419409022
0.0,0.0,18.0,81.0,0.0,0.0,1.0,9.279941454497719
0.0,0.0,19.0,80.0,0.0,0.0,1.0,9.282758238506155
0.0,0.0,18.0,80.0,0.0,0.0,2.0,9.290318353910184
0.0,0.0,19.0,79.0,0.0,0.0,2.0,9.322039139587089
0.0,0.0,20.0,78.0,0.0,0.0,2.0,9.347938032446342
0.0,0.0,21.0,77.0,0.0,0.0,2.0,9.36588885838873
0.0,0.0,22.0,76.0,0.0,0.0,2.0,9.366147177195835
0.0,0.0,21.0,76.0,0.0,0.0,3.0,9.366930460042287
0.0,0.0,22.0,75.0,0.0,0.0,3.0,9.373204211033139
0.0,0.0,21.0,75.0,0.0,0.0,4.0,9.384480267684172
0.0,0.0,22.0,74.0,0.0,0.0,4.0,9.392706048145646
0.0,0.0,23.0,73.0,0.0,0.0,4.0,9.423149425478877
0.0,0.0,24.0,72.0,0.0,0.0,4.0,9.42373491710908
0.0,0.0,25.0,71.0,0.0,0.0,4.0,9.435555118446581
0.0,0.0,26.0,70.0,0.0,0.0,4.0,9.438924036886098
0.0,0.0,25.0,70.0,0.0,0.0,5.0,9.449105860607194
0.0,0.0,26.0,69.0,0.0,0.0,5.0,9.467115068142437
0.0,0.0,27.0,68.0,0.0,0.0,5.0,9.493957888370726
0.0,0.0,26.0,68.0,0.0,0.0,6.0,9.495344594994105
0.0,0.0,27.0,67.0,0.0,0.0,6.0,9.522145314749213
0.0,0.0,26.0,67.0,0.0,0.0,7.0,9.522640228614284
0.0,0.0,27.0,66.0,0.0,0.0,7.0,9.559213954832812
0.0,0.0,28.0,65.0,0.0,0.0,7.0,9.581958820333481
0.0,0.0,27.0,65.0,0.0,0.0,8.0,9.58802751307611
0.0,0.0,28.0,64.0,0.0,0.0,8.0,9.590737925513768
0.0,0.0,27.0,64.0,0.0,0.0,9.0,9.59438584634877
0.0,0.0,28.0,63.0,0.0,0.0,9.0,9.60093707155558
0.0,0.0,29.0,62.0,0.0,0.0,9.0,9.603351697257994
0.0,0.0,30.0,61.0,0.0,0.0,9.0,9.608308539072883
0.0,0.0,31.0,60.0,0.0,0.0,9.0,9.609082876937139
0.0,0.0,30.0,60.0,0.0,0.0,10.0,9.6327275943336
0.0,0.0,29.0,60.0,0.0,0.0,11.0,9.63812230041831
0.0,0.0,28.0,60.0,0.0,0.0,12.0,9.652701669130265
0.0,0.0,27.0,60.0,0.0,0.0,13.0,9.718405230775993
0.0,0.0,28.0,59.0,0.0,0.0,13.0,9.722644015104729
0.0,0.0,29.0,58.0,0.0,0.0,13.0,9.739935529883
0.0,0.0,28.0,58.0,0.0,0.0,14.0,9.741953113671114
0.0,0.0,29.0,57.0,0.0,0.0,14.0,9.749046083556694
0.0,0.0,28.0,57.0,0.0,0.0,15.0,9.755024204857293
0.0,0.0,27.0,57.0,0.0,0.0,16.0,9.756892316570417
0.0,0.0,26.0,57.0,0.0,0.0,17.0,9.798726641627589
0.0,0.0,25.0,57.0,0.0,0.0,18.0,9.81801378993226
0.0,0.0,26.0,56.0,0.0,0.0,18.0,9.866499367511507
0.0,0.0,27.0,55.0,0.0,0.0,18.0,9.867156400394094
0.0,0.0,26.0,55.0,0.0,0.0,19.0,9.86890036223739
0.0,0.0,25.0,55.0,0.0,0.0,20.0,9.880517061713329
0.0,0.0,26.0,54.0,0.0,0.0,20.0,9.895378905948206
0.0,0.0,27.0,53.0,0.0,0.0,20.0,9.89684012978269
0.0,0.0,26.0,53.0,0.0,0.0,21.0,9.898708112102687
0.0,0.0,25.0,53.0,0.0,0.0,22.0,9.915533553669823
0.0,0.0,26.0,52.0,0.0,0.0,22.0,9.96919978043007
0.0,0.0,25.0,52.0,0.0,0.0,23.0,10.01627589558063
0.0,0.0,26.0,51.0,0.0,0.0,23.0,10.020629581046522
0.0,0.0,27.0,50.0,0.0,0.0,23.0,10.044255536589974
0.0,0.0,26.0,50.0,0.0,0.0,24.0,10.09422436144383
0.0,0.0,27.0,49.0,0.0,0.0,24.0,10.122418562176888
0.0,0.0,28.0,48.0,0.0,0.0,24.0,10.123072974547263
0.0,0.0,27.0,48.0,0.0,0.0,25.0,10.17965186167945
0.0,0.0,28.0,47.0,0.0,0.0,25.0,10.226812523309786
0.0,0.0,29.0,46.0,0.0,0.0,25.0,10.235068002114621
0.0,0.0,28.0,46.0,0.0,0.0,26.0,10.280043407520598
0.0,0.0,27.0,46.0,0.0,0.0,27.0,10.28436884193243
0.0,0.0,26.0,46.0,0.0,0.0,28.0,10.31798292920336
0.0,0.0,27.0,45.0,0.0,0.0,28.0,10.32445596297554
0.0,0.0,26.0,45.0,0.0,0.0,29.0,10.33896934915809
0.0,0.0,27.0,44.0,0.0,0.0,29.0,10.361960376723712
0.0,0.0,28.0,43.0,0.0,0.0,29.0,10.361961696664554
0.0,0.0,27.0,43.0,0.0,0.0,30.0,10.383896958791661
0.0,0.0,26.0,43.0,0.0,0.0,31.0,10.393837523402112
0.0,0.0,25.0,43.0,0.0,0.0,32.0,10.415371511793762
0.0,0.0,26.0,42.0,0.0,0.0,32.0,10.441243882497869
0.0,0.0,27.0,41.0,0.0,0.0,32.0,10.441691821278665
0.0,0.0,26.0,41.0,0.0,0.0,33.0,10.457166919718041
0.0,0.0,27.0,40.0,0.0,0.0,33.0,10.483163287421855
0.0,0.0,26.0,40.0,0.0,0.0,34.0,10.56634968816247
0.0,0.0,25.0,40.0,0.0,0.0,35.0,10.5669387771064
0.0,0.0,26.0,39.0,0.0,0.0,35.0,10.58571730520625
0.0,0.0,25.0,39.0,0.0,0.0,36.0,10.621775286439846
0.0,0.0,24.0,39.0,0.0,0.0,37.0,10.644472947765413
0.0,0.0,23.0,39.0,0.0,0.0,38.0,10.662571488149512
0.0,0.0,24.0,38.0,0.0,0.0,38.0,10.669645313015911
0.0,0.0,23.0,38.0,0.0,0.0,39.0,10.67329530989087
0.0,0.0,22.0,38.0,0.0,0.0,40.0,10.703579374772408
0.0,0.0,23.0,37.0,0.0,0.0,40.0,10.717979783239052
0.0,0.0,24.0,36.0,0.0,0.0,40.0,10.744617601680508
0.0,0.0,25.0,35.0,0.0,0.0,40.0,10.754291841138762
0.0,0.0,24.0,35.0,0.0,0.0,41.0,10.768462663378745
0.0,0.0,25.0,34.0,0.0,0.0,41.0,10.771275543962883
0.0,0.0,24.0,34.0,0.0,0.0,42.0,10.819007499342053
0.0,0.0,25.0,33.0,0.0,0.0,42.0,10.824105865168924
0.0,0.0,26.0,32.0,0.0,0.0,42.0,10.842137824787496
0.0,0.0,25.0,32.0,0.0,0.0,43.0,10.910066378457335
0.0,0.0,26.0,31.0,0.0,0.0,43.0,10.919374402746621
0.0,0.0,25.0,31.0,0.0,0.0,44.0,10.941561628429954
0.0,0.0,26.0,30.0,0.0,0.0,44.0,10.968098150711715
0.0,0.0,25.0,30.0,0.0,0.0,45.0,11.008513177146597
0.0,0.0,26.0,29.0,0.0,0.0,45.0,11.029279117430796
0.0,0.0,25.0,29.0,0.0,0.0,46.0,11.054726854528225
0.0,0.0,24.0,29.0,0.0,0.0,47.0,11.068558860034035
0.0,0.0,23.0,29.0,0.0,0.0,48.0,11.129954734667175
0.0,0.0,22.0,29.0,0.0,0.0,49.0,11.162203811957216
0.0,0.0,21.0,29.0,0.0,0.0,50.0,11.170132843839399
0.0,0.0,22.0,28.0,0.0,0.0,50.0,11.175550386308528
0.0,0.0,23.0,27.0,0.0,0.0,50.0,11.178960574038912
0.0,0.0,22.0,27.0,0.0,0.0,51.0,11.227574961728712
0.0,0.0,21.0,27.0,0.0,0.0,52.0,11.229738692755166
0.0,0.0,20.0,27.0,0.0,0.0,53.0,11.240036638047606
0.0,0.0,19.0,27.0,0.0,0.0,54.0,11.26630695401599
0.0,0.0,20.0,26.0,0.0,0.0,54.0,11.275047332911896
0.0,0.0,21.0,25.0,0.0,0.0,54.0,11.319745832144946
0.0,0.0,20.0,25.0,0.0,0.0,55.0,11.336671163235085
0.0,0.0,21.0,24.0,0.0,0.0,55.0,11.377723254485662
0.0,0.0,22.0,23.0,0.0,0.0,55.0,11.412933567293928
0.0,0.0,21.0,23.0,0.0,0.0,56.0,11.44532541483965
0.0,0.0,20.0,23.0,0.0,0.0,57.0,11.474762376463111
0.0,0.0,19.0,23.0,0.0,0.0,58.0,11.484208435193942
0.0,0.0,18.0,23.0,0.0,0.0,59.0,11.496338470158939
0.0,0.0,17.0,23.0,0.0,0.0,60.0,11.598727658587647
0.0,0.0,16.0,23.0,0.0,0.0,61.0,11.603689127328861
0.0,0.0,17.0,22.0,0.0,0.0,61.0,11.623589632648287
0.0,0.0,16.0,22.0,0.0,0.0,62.0,11.631332846693445
0.0,0.0,15.0,22.0,0.0,0.0,63.0,11.646715037362519
0.0,0.0,14.0,22.0,0.0,0.0,64.0,11.652235941990316
0.0,0.0,15.0,21.0,0.0,0.0,64.0,11.660388750826215
0.0,0.0,16.0,20.0,0.0,0.0,64.0,11.661189902934005
0.0,0.0,15.0,20.0,0.0,0.0,65.0,11.71156936860801
0.0,0.0,16.0,19.0,0.0,0.0,65.0,11.795847786299918
0.0,0.0,15.0,19.0,0.0,0.0,66.0,11.839216641360208
0.0,0.0,14.0,19.0,0.0,0.0,67.0,11.85332857542624
0.0,0.0,15.0,18.0,0.0,0.0,67.0,11.894571388044573
0.0,0.0,16.0,17.0,0.0,0.0,67.0,11.908562095920061
0.0,0.0,15.0,17.0,0.0,0.0,68.0,11.939905727916612
0.0,0.0,16.0,16.0,0.0,0.0,68.0,12.02504856538046
0.0,0.0,17.0,15.0,0.0,0.0,68.0,12.070142850606521
0.0,0.0,18.0,14.0,0.0,0.0,68.0,12.08160271897297
0.0,0.0,19.0,13.0,0.0,0.0,68.0,12.178201800516685
0.0,0.0,18.0,13.0,0.0,0.0,69.0,12.203072749147633
0.0,0.0,19.0,12.0,0.0,0.0,69.0,12.291314250094743
0.0,0.0,20.0,11.0,0.0,0.0,69.0,12.349489225676646
0.0,0.0,19.0,11.0,0.0,0.0,70.0,12.498133607479128
0.0,0.0,18.0,11.0,0.0,0.0,71.0,12.620851672020343
0.0,0.0,17.0,11.0,0.0,0.0,72.0,12.654720441157886
0.0,0.0,18.0,10.0,0.0,0.0,72.0,12.667559663596657
0.0,0.0,19.0,9.0,0.0,0.0,72.0,12.68152257935061
0.0,0.0,18.0,9.0,0.0,0.0,73.0,12.797309041173374
0.0,0.0,17.0,9.0,0.0,0.0,74.0,12.975094657400167
0.0,0.0,18.0,8.0,0.0,0.0,74.0,12.986592448133441
0.0,0.0,17.0,8.0,0.0,0.0,75.0,13.045739548374113
0.0,0.0,16.0,8.0,0.0,0.0,76.0,13.074118511910864
0.0,0.0,15.0,8.0,0.0,0.0,77.0,13.0987080156927
0.0,0.0,16.0,7.0,0.0,0.0,77.0,13.354466384287605
0.0,0.0,15.0,7.0,0.0,0.0,78.0,13.407046946020074
0.0,0.0,14.0,7.0,0.0,0.0,79.0,13.435305072563345
0.0,0.0,13.0,7.0,0.0,0.0,80.0,13.443558639114631
0.0,0.0,12.0,7.0,0.0,0.0,81.0,13.476016430593221
0.0,0.0,11.0,7.0,0.0,0.0,82.0,13.582684856582672
0.0,0.0,12.0,6.0,0.0,0.0,82.0,13.701219548568387
0.0,0.0,11.0,6.0,0.0,0.0,83.0,13.842532438679616
0.0,0.0,12.0,5.0,0.0,0.0,83.0,13.869905381538683
0.0,0.0,11.0,5.0,0.0,0.0,84.0,13.873243318095177
0.0,0.0,10.0,5.0,0.0,0.0,85.0,14.157864641738728
0.0,0.0,9.0,5.0,0.0,0.0,86.0,14.166580280951985
0.0,0.0,10.0,4.0,0.0,0.0,86.0,14.234026310426858
0.0,0.0,11.0,3.0,0.0,0.0,86.0,14.28071030888218
0.0,0.0,10.0,3.0,0.0,0.0,87.0,14.322776811616261
0.0,0.0,9.0,3.0,0.0,0.0,88.0,14.473361743878304
0.0,0.0,8.0,3.0,0.0,0.0,89.0,14.668551366399868
0.0,0.0,9.0,2.0,0.0,0.0,89.0,14.730328891428666
0.0,0.0,8.0,2.0,0.0,0.0,90.0,14.933586563310184
0.0,0.0,7.0,2.0,0.0,0.0,91.0,14.956724377550325
0.0,0.0,8.0,1.0,0.0,0.0,91.0,15.03072830044365
0.0,0.0,7.0,1.0,0.0,0.0,92.0,15.096455355250843
0.0,0.0,6.0,1.0,0.0,0.0,93.0,15.501692903788642
0.0,0.0,5.0,1.0,0.0,0.0,94.0,15.616726958692428
0.0,0.0,4.0,1.0,0.0,0.0,95.0,15.823281012887
0.0,0.0,3.0,1.0,0.0,0.0,96.0,15.881702061726605
0.0,0.0,2.0,1.0,0.0,0.0,97.0,15.989087168226323
0.0,0.0,3.0,0.0,0.0,0.0,97.0,16.176547723223806
0.0,0.0,2.0,0.0,0.0,0.0,98.0,16.719704644857615
0.0,0.0,1.0,0.0,0.0,0.0,99.0,16.965877464238563
0.0,0.0,0.0,0.0,0.0,0.0,100.0,18.002637955976493
