V,B,W_B,C_B,C,W,P,t
98.0,1.0,0.0,0.0,1.0,0.0,0.0,0.0
97.0,2.0,0.0,0.0,1.0,0.0,0.0,0.006504428134120496
96.0,3.0,0.0,0.0,1.0,0.0,0.0,0.011418948318187565
95.0,4.0,0.0,0.0,1.0,0.0,0.0,0.0115826831241805
94.0,5.0,0.0,0.0,1.0,0.0,0.0,0.011593584746759698
93.0,6.0,0.0,0.0,1.0,0.0,0.0,0.01321753588427778
92.0,7.0,0.0,0.0,1.0,0.0,0.0,0.013794961412464534
91.0,8.0,0.0,0.0,1.0,0.0,0.0,0.017287983687027306
90.0,9.0,0.0,0.0,1.0,0.0,0.0,0.020124737345938993
89.0,10.0,0.0,0.0,1.0,0.0,0.0,0.021735166098673108
88.0,11.0,0.0,0.0,1.0,0.0,0.0,0.023299441340092267
87.0,12.0,0.0,0.0,1.0,0.0,0.0,0.023480633313601385
86.0,13.0,0.0,0.0,1.0,0.0,0.0,0.023768694897314754
85.0,14.0,0.0,0.0,1.0,0.0,0.0,0.023894116126019466
84.0,15.0,0.0,0.0,1.0,0.0,0.0,0.024571856275553236
83.0,16.0,0.0,0.0,1.0,0.0,0.0,0.026484326112885263
82.0,17.0,0.0,0.0,1.0,0.0,0.0,0.026959984910660564
81.0,18.0,0.0,0.0,1.0,0.0,0.0,0.0279041214895605
80.0,19.0,0.0,0.0,1.0,0.0,0.0,0.028661046740931638
79.0,20.0,0.0,0.0,1.0,0.0,0.0,0.02880117384760853
78.0,21.0,0.0,0.0,1.0,0.0,0.0,0.028932393454302804
77.0,22.0,0.0,0.0,1.0,0.0,0.0,0.0319408059223544
76.0,23.0,0.0,0.0,1.0,0.0,0.0,0.03220013731562573
75.0,24.0,0.0,0.0,1.0,0.0,0.0,0.034009030973520454
74.0,25.0,0.0,0.0,1.0,0.0,0.0,0.03419974780195121
73.0,26.0,0.0,0.0,1.0,0.0,0.0,0.034911309480190285
72.0,27.0,0.0,0.0,1.0,0.0,0.0,0.035870897416539316
71.0,28.0,0.0,0.0,1.0,0.0,0.0,0.03595224813297931
70.0,29.0,0.0,0.0,1.0,0.0,0.0,0.03607217367742086
69.0,30.0,0.0,0.0,1.0,0.0,0.0,0.03761039193405739
68.0,31.0,0.0,0.0,1.0,0.0,0.0,0.03811953908051336
67.0,32.0,0.0,0.0,1.0,0.0,0.0,0.03839301621299023
66.0,33.0,0.0,0.0,1.0,0.0,0.0,0.038779196332651374
65.0,34.0,0.0,0.0,1.0,0.0,0.0,0.03909555448775177
64.0,35.0,0.0,0.0,1.0,0.0,0.0,0.03940958160238447
63.0,36.0,0.0,0.0,1.0,0.0,0.0,0.03956836149953105
62.0,37.0,0.0,0.0,1.0,0.0,0.0,0.03975836963774186
61.0,38.0,0.0,0.0,1.0,0.0,0.0,0.039777744933916545
60.0,39.0,0.0,0.0,1.0,0.0,0.0,0.04089777097665931
59.0,40.0,0.0,0.0,1.0,0.0,0.0,0.04099258725097454
58.0,41.0,0.0,0.0,1.0,0.0,0.0,0.04117587611754532
57.0,42.0,0.0,0.0,1.0,0.0,0.0,0.04145506542692942
56.0,43.0,0.0,0.0,1.0,0.0,0.0,0.04161090359863061
55.0,44.0,0.0,0.0,1.0,0.0,0.0,0.04180445376450052
54.0,45.0,0.0,0.0,1.0,0.0,0.0,0.04226044921295394
53.0,46.0,0.0,0.0,1.0,0.0,0.0,0.0424504766720648
52.0,47.0,0.0,0.0,1.0,0.0,0.0,0.04257933989282196
51.0,48.0,0.0,0.0,1.0,0.0,0.0,0.04261459888191043
50.0,49.0,0.0,0.0,1.0,0.0,0.0,0.042681887947887014
49.0,50.0,0.0,0.0,1.0,0.0,0.0,0.04320118729929609
48.0,51.0,0.0,0.0,1.0,0.0,0.0,0.04361919987688051
47.0,52.0,0.0,0.0,1.0,0.0,0.0,0.04363650981962387
46.0,53.0,0.0,0.0,1.0,0.0,0.0,0.04381427493329558
45.0,54.0,0.0,0.0,1.0,0.0,0.0,0.043952115762651366
44.0,55.0,0.0,0.0,1.0,0.0,0.0,0.04395766340840773
43.0,56.0,0.0,0.0,1.0,0.0,0.0,0.04404044017363185
42.0,57.0,0.0,0.0,1.0,0.0,0.0,0.04413197141721928
41.0,58.0,0.0,0.0,1.0,0.0,0.0,0.04447800276629589
40.0,59.0,0.0,0.0,1.0,0.0,0.0,0.04508586123555665
39.0,60.0,0.0,0.0,1.0,0.0,0.0,0.045316865711815306
38.0,61.0,0.0,0.0,1.0,0.0,0.0,0.04579809591524394
37.0,62.0,0.0,0.0,1.0,0.0,0.0,0.04618170124251449
36.0,63.0,0.0,0.0,1.0,0.0,0.0,0.04618263590726225
35.0,64.0,0.0,0.0,1.0,0.0,0.0,0.046670872211475346
34.0,65.0,0.0,0.0,1.0,0.0,0.0,0.04677744163864106
33.0,66.0,0.0,0.0,1.0,0.0,0.0,0.0478205759160076
32.0,67.0,0.0,0.0,1.0,0.0,0.0,0.048038606413245095
31.0,68.0,0.0,0.0,1.0,0.0,0.0,0.048448517066958324
30.0,69.0,0.0,0.0,1.0,0.0,0.0,0.04853718052331247
29.0,70.0,0.0,0.0,1.0,0.0,0.0,0.04869537607709212
28.0,71.0,0.0,0.0,1.0,0.0,0.0,0.04930208777446931
27.0,72.0,0.0,0.0,1.0,0.0,0.0,0.05174305574503436
26.0,73.0,0.0,0.0,1.0,0.0,0.0,0.05239243142748543
25.0,74.0,0.0,0.0,1.0,0.0,0.0,0.05277110601643908
24.0,75.0,0.0,0.0,1.0,0.0,0.0,0.053516682084578604
23.0,76.0,0.0,0.0,1.0,0.0,0.0,0.05372490223589037
22.0,77.0,0.0,0.0,1.0,0.0,0.0,0.05381341149763017
21.0,78.0,0.0,0.0,1.0,0.0,0.0,0.05407772914420804
20.0,79.0,0.0,0.0,1.0,0.0,0.0,0.05417838747229971
19.0,80.0,0.0,0.0,1.0,0.0,0.0,0.05432179535937135
18.0,81.0,0.0,0.0,1.0,0.0,0.0,0.05443326084739204
17.0,82.0,0.0,0.0,1.0,0.0,0.0,0.054618576954526085
16.0,83.0,0.0,0.0,1.0,0.0,0.0,0.056054400714913966
15.0,84.0,0.0,0.0,1.0,0.0,0.0,0.056518613397209774
14.0,85.0,0.0,0.0,1.0,0.0,0.0,0.056924756634400074
13.0,86.0,0.0,0.0,1.0,0.0,0.0,0.05747449821602796
12.0,87.0,0.0,0.0,1.0,0.0,0.0,0.057910258170583
11.0,88.0,0.0,0.0,1.0,0.0,0.0,0.05855445521038735
10.0,89.0,0.0,0.0,1.0,0.0,0.0,0.05920250598180042
9.0,90.0,0.0,0.0,1.0,0.0,0.0,0.06242322678235722
8.0,91.0,0.0,0.0,1.0,0.0,0.0,0.062464636870199444
7.0,92.0,0.0,0.0,1.0,0.0,0.0,0.06439448370609481
7.0,92.0,0.0,1.0,0.0,0.0,0.0,0.06578763417985728
6.0,93.0,0.0,1.0,0.0,0.0,0.0,0.06603393023445156
5.0,94.0,0.0,1.0,0.0,0.0,0.0,0.06878261334340179
4.0,95.0,0.0,1.0,0.0,0.0,0.0,0.06927440461303012
3.0,96.0,0.0,1.0,0.0,0.0,0.0,0.07631713970949315
2.0,97.0,0.0,1.0,0.0,0.0,0.0,0.07753450745539842
1.0,98.0,0.0,1.0,0.0,0.0,0.0,0.07980009415431498
0.0,99.0,0.0,1.0,0.0,0.0,0.0,0.08436649400735202
0.0,99.0,0.0,0.0,0.0,0.0,1.0,0.13755787179098894
