V,B,W_B,C_B,C,W,P,t
98.0,1.0,0.0,0.0,1.0,0.0,0.0,0.0
97.0,2.0,0.0,0.0,1.0,0.0,0.0,0.008347019057887064
96.0,3.0,0.0,0.0,1.0,0.0,0.0,0.010558519003203305
96.0,3.0,0.0,0.0,0.0,1.0,0.0,0.010614222072910753
95.0,4.0,0.0,0.0,0.0,1.0,0.0,0.011424138816938904
94.0,5.0,0.0,0.0,0.0,1.0,0.0,0.0116009188631414
93.0,6.0,0.0,0.0,0.0,1.0,0.0,0.011757326238490387
92.0,7.0,0.0,0.0,0.0,1.0,0.0,0.013114240080724694
91.0,8.0,0.0,0.0,0.0,1.0,0.0,0.01321363702793832
90.0,9.0,0.0,0.0,0.0,1.0,0.0,0.013221399971601292
89.0,9.0,0.0,0.0,1.0,1.0,0.0,0.017587222448312973
88.0,10.0,0.0,0.0,1.0,1.0,0.0,0.01853470081590284
87.0,11.0,0.0,0.0,1.0,1.0,0.0,0.020069016551974492
86.0,12.0,0.0,0.0,1.0,1.0,0.0,0.020265565331212532
85.0,13.0,0.0,0.0,1.0,1.0,0.0,0.02107484622492825
84.0,14.0,0.0,0.0,1.0,1.0,0.0,0.02149322147803476
83.0,15.0,0.0,0.0,1.0,1.0,0.0,0.021909911849256
82.0,16.0,0.0,0.0,1.0,1.0,0.0,0.022486755756910382
81.0,17.0,0.0,0.0,1.0,1.0,0.0,0.02402736306759807
80.0,18.0,0.0,0.0,1.0,1.0,0.0,0.024095577698424644
79.0,19.0,0.0,0.0,1.0,1.0,0.0,0.02413306601558663
78.0,20.0,0.0,0.0,1.0,1.0,0.0,0.024299210040101958
77.0,21.0,0.0,0.0,1.0,1.0,0.0,0.024686507752213326
76.0,22.0,0.0,0.0,1.0,1.0,0.0,0.025618549985727785
75.0,23.0,0.0,0.0,1.0,1.0,0.0,0.026089183550237073
74.0,24.0,0.0,0.0,1.0,1.0,0.0,0.026291336754787932
73.0,25.0,0.0,0.0,1.0,1.0,0.0,0.02682670699885911
72.0,26.0,0.0,0.0,1.0,1.0,0.0,0.027288234320421077
71.0,27.0,0.0,0.0,1.0,1.0,0.0,0.028082993715581758
70.0,28.0,0.0,0.0,1.0,1.0,0.0,0.028268787426412652
69.0,29.0,0.0,0.0,1.0,1.0,0.0,0.0283589129090586
68.0,30.0,0.0,0.0,1.0,1.0,0.0,0.028451837221771192
67.0,31.0,0.0,0.0,1.0,1.0,0.0,0.02851709706768647
66.0,32.0,0.0,0.0,1.0,1.0,0.0,0.028652523625783258
65.0,33.0,0.0,0.0,1.0,1.0,0.0,0.028728352399705195
64.0,34.0,0.0,0.0,1.0,1.0,0.0,0.028774799006807895
63.0,35.0,0.0,0.0,1.0,1.0,0.0,0.02939679756671935
62.0,36.0,0.0,0.0,1.0,1.0,0.0,0.02940523093277951
61.0,37.0,0.0,0.0,1.0,1.0,0.0,0.029538804137214963
60.0,38.0,0.0,0.0,1.0,1.0,0.0,0.029788602295137516
60.0,38.0,0.0,1.0,0.0,1.0,0.0,0.029898523924371232
59.0,39.0,0.0,1.0,0.0,1.0,0.0,0.030723284094687577
58.0,40.0,0.0,1.0,0.0,1.0,0.0,0.03148437654974453
57.0,41.0,0.0,1.0,0.0,1.0,0.0,0.031679307669674445
56.0,42.0,0.0,1.0,0.0,1.0,0.0,0.031890068804221204
55.0,43.0,0.0,1.0,0.0,1.0,0.0,0.032184755660992576
54.0,43.0,0.0,1.0,1.0,1.0,0.0,0.03222603968323585
54.0,42.0,0.0,2.0,1.0,1.0,0.0,0.03266189425583566
53.0,43.0,0.0,2.0,1.0,1.0,0.0,0.032835572584021075
52.0,44.0,0.0,2.0,1.0,1.0,0.0,0.03288187076066614
51.0,45.0,0.0,2.0,1.0,1.0,0.0,0.03295092684738632
50.0,46.0,0.0,2.0,1.0,1.0,0.0,0.03333765809187847
49.0,47.0,0.0,2.0,1.0,1.0,0.0,0.033338293968256306
48.0,48.0,0.0,2.0,1.0,1.0,0.0,0.03344551294772615
47.0,49.0,0.0,2.0,1.0,1.0,0.0,0.03352557555798786
46.0,50.0,0.0,2.0,1.0,1.0,0.0,0.033552952585797886
46.0,50.0,1.0,2.0,1.0,0.0,0.0,0.034486355487295055
45.0,51.0,1.0,2.0,1.0,0.0,0.0,0.0349664145100724
44.0,52.0,1.0,2.0,1.0,0.0,0.0,0.03527550990168374
43.0,53.0,1.0,2.0,1.0,0.0,0.0,0.03527617365323108
42.0,54.0,1.0,2.0,1.0,0.0,0.0,0.03624469980886293
42.0,53.0,1.0,3.0,1.0,0.0,0.0,0.036382821274403544
41.0,54.0,1.0,3.0,1.0,0.0,0.0,0.03645817090041525
40.0,55.0,1.0,3.0,1.0,0.0,0.0,0.036627988055400906
39.0,56.0,1.0,3.0,1.0,0.0,0.0,0.036807683401518285
38.0,57.0,1.0,3.0,1.0,0.0,0.0,0.03700122608800034
37.0,58.0,1.0,3.0,1.0,0.0,0.0,0.037585019500776494
36.0,59.0,1.0,3.0,1.0,0.0,0.0,0.037612711321217
36.0,59.0,1.0,4.0,0.0,0.0,0.0,0.03816742971059425
35.0,60.0,1.0,4.0,0.0,0.0,0.0,0.03925992481169235
34.0,61.0,1.0,4.0,0.0,0.0,0.0,0.04021985519075675
33.0,62.0,1.0,4.0,0.0,0.0,0.0,0.040637965461820726
32.0,63.0,1.0,4.0,0.0,0.0,0.0,0.040950298008643464
31.0,64.0,1.0,4.0,0.0,0.0,0.0,0.04111810398242836
30.0,65.0,1.0,4.0,0.0,0.0,0.0,0.041446667034125736
29.0,66.0,1.0,4.0,0.0,0.0,0.0,0.04184270260078736
29.0,65.0,1.0,5.0,0.0,0.0,0.0,0.042319398219372736
28.0,66.0,1.0,5.0,0.0,0.0,0.0,0.04238631050144186
27.0,67.0,1.0,5.0,0.0,0.0,0.0,0.04288668097568574
26.0,68.0,1.0,5.0,0.0,0.0,0.0,0.04292927461917959
25.0,69.0,1.0,5.0,0.0,0.0,0.0,0.042983900254525566
24.0,70.0,1.0,5.0,0.0,0.0,0.0,0.04372061721481768
23.0,71.0,1.0,5.0,0.0,0.0,0.0,0.04374570353146786
22.0,71.0,1.0,5.0,1.0,0.0,0.0,0.044641926015631016
21.0,72.0,1.0,5.0,1.0,0.0,0.0,0.045138506107093024
20.0,73.0,1.0,5.0,1.0,0.0,0.0,0.0456238698086484
19.0,74.0,1.0,5.0,1.0,0.0,0.0,0.0477993242643646
18.0,75.0,1.0,5.0,1.0,0.0,0.0,0.04815861048390393
17.0,76.0,1.0,5.0,1.0,0.0,0.0,0.048483393629157816
16.0,77.0,1.0,5.0,1.0,0.0,0.0,0.049941922945175236
16.0,76.0,1.0,6.0,1.0,0.0,0.0,0.050173983292080525
15.0,77.0,1.0,6.0,1.0,0.0,0.0,0.050554721693714375
14.0,78.0,1.0,6.0,1.0,0.0,0.0,0.05101770884484736
13.0,79.0,1.0,6.0,1.0,0.0,0.0,0.05112295973968362
13.0,78.0,1.0,7.0,1.0,0.0,0.0,0.05158897435344083
12.0,79.0,1.0,7.0,1.0,0.0,0.0,0.05277374122780861
11.0,80.0,1.0,7.0,1.0,0.0,0.0,0.05494868702784662
10.0,81.0,1.0,7.0,1.0,0.0,0.0,0.0556780359756658
9.0,82.0,1.0,7.0,1.0,0.0,0.0,0.055915627803178145
8.0,83.0,1.0,7.0,1.0,0.0,0.0,0.05914354551840553
7.0,84.0,1.0,7.0,1.0,0.0,0.0,0.05931901287649317
6.0,85.0,1.0,7.0,1.0,0.0,0.0,0.05945226248692765
5.0,86.0,1.0,7.0,1.0,0.0,0.0,0.060987749417874264
5.0,86.0,1.0,8.0,0.0,0.0,0.0,0.06296195365569555
4.0,87.0,1.0,8.0,0.0,0.0,0.0,0.0663260428681334
4.0,86.0,1.0,9.0,0.0,0.0,0.0,0.06836913031098889
3.0,87.0,1.0,9.0,0.0,0.0,0.0,0.07043728712641152
3.0,86.0,1.0,10.0,0.0,0.0,0.0,0.07247655631230271
2.0,87.0,1.0,10.0,0.0,0.0,0.0,0.07776932468433878
2.0,86.0,1.0,11.0,0.0,0.0,0.0,0.08022870342580714
1.0,87.0,1.0,11.0,0.0,0.0,0.0,0.08381603821511535
0.0,88.0,1.0,11.0,0.0,0.0,0.0,0.08442577668706734
0.0,88.0,2.0,10.0,0.0,0.0,0.0,0.11520850520068449
0.0,87.0,2.0,11.0,0.0,0.0,0.0,0.117592950190118
0.0,86.0,2.0,12.0,0.0,0.0,0.0,0.12314211708922354
0.0,85.0,2.0,13.0,0.0,0.0,0.0,0.1236366967952429
0.0,84.0,2.0,14.0,0.0,0.0,0.0,0.12495070345851113
0.0,83.0,2.0,15.0,0.0,0.0,0.0,0.1258165618890815
0.0,82.0,2.0,16.0,0.0,0.0,0.0,0.13594014988770525
0.0,81.0,2.0,17.0,0.0,0.0,0.0,0.1434374878797457
0.0,80.0,2.0,18.0,0.0,0.0,0.0,0.1438192469411299
0.0,79.0,2.0,19.0,0.0,0.0,0.0,0.14483752463023813
0.0,78.0,2.0,20.0,0.0,0.0,0.0,0.14590751312295483
0.0,78.0,3.0,19.0,0.0,0.0,0.0,0.14782565669554942
0.0,77.0,3.0,20.0,0.0,0.0,0.0,0.1482024924126895
0.0,76.0,3.0,21.0,0.0,0.0,0.0,0.1488488744595384
0.0,76.0,3.0,20.0,0.0,0.0,1.0,0.15322531669997683
0.0,75.0,3.0,21.0,0.0,0.0,1.0,0.1554508373921908
0.0,74.0,3.0,22.0,0.0,0.0,1.0,0.15662501800899706
0.0,73.0,3.0,23.0,0.0,0.0,1.0,0.1617411144133938
0.0,72.0,3.0,24.0,0.0,0.0,1.0,0.1622431798375741
0.0,71.0,3.0,25.0,0.0,0.0,1.0,0.17247925317894067
0.0,70.0,3.0,26.0,0.0,0.0,1.0,0.17320554215031916
0.0,69.0,3.0,27.0,0.0,0.0,1.0,0.17468946780990796
0.0,68.0,3.0,28.0,0.0,0.0,1.0,0.17663613004083947
0.0,67.0,3.0,29.0,0.0,0.0,1.0,0.17821190979161555
0.0,67.0,4.0,28.0,0.0,0.0,1.0,0.17867140830753758
0.0,66.0,4.0,29.0,0.0,0.0,1.0,0.18516552110576198
0.0,65.0,4.0,30.0,0.0,0.0,1.0,0.1879947644987125
0.0,64.0,4.0,31.0,0.0,0.0,1.0,0.1962792210476784
0.0,63.0,4.0,32.0,0.0,0.0,1.0,0.19863762550731848
0.0,62.0,4.0,33.0,0.0,0.0,1.0,0.2053374690002409
0.0,61.0,4.0,34.0,0.0,0.0,1.0,0.20938414831792218
0.0,61.0,5.0,33.0,0.0,0.0,1.0,0.2110909308150218
0.0,60.0,5.0,34.0,0.0,0.0,1.0,0.21510436341085087
0.0,59.0,5.0,35.0,0.0,0.0,1.0,0.21531200619583013
0.0,59.0,6.0,34.0,0.0,0.0,1.0,0.21545834373662498
0.0,58.0,6.0,35.0,0.0,0.0,1.0,0.21575875141496004
0.0,57.0,6.0,36.0,0.0,0.0,1.0,0.2172735629036218
0.0,56.0,6.0,37.0,0.0,0.0,1.0,0.21760050594904637
0.0,55.0,6.0,38.0,0.0,0.0,1.0,0.21820407513348675
0.0,54.0,6.0,39.0,0.0,0.0,1.0,0.2228266916461002
0.0,53.0,6.0,40.0,0.0,0.0,1.0,0.22296666278638977
0.0,52.0,6.0,41.0,0.0,0.0,1.0,0.22307738094297333
0.0,51.0,6.0,42.0,0.0,0.0,1.0,0.22629633546801195
0.0,50.0,6.0,43.0,0.0,0.0,1.0,0.22787862395797007
0.0,49.0,6.0,44.0,0.0,0.0,1.0,0.2360928523035393
0.0,48.0,6.0,45.0,0.0,0.0,1.0,0.23639038044632238
0.0,47.0,6.0,46.0,0.0,0.0,1.0,0.23757589955645028
0.0,46.0,6.0,47.0,0.0,0.0,1.0,0.2408637683901625
0.0,45.0,6.0,48.0,0.0,0.0,1.0,0.25087407927170163
0.0,44.0,6.0,49.0,0.0,0.0,1.0,0.25454726737770966
0.0,43.0,6.0,50.0,0.0,0.0,1.0,0.2573817616464394
0.0,42.0,6.0,51.0,0.0,0.0,1.0,0.2639568474075472
0.0,41.0,6.0,52.0,0.0,0.0,1.0,0.26410714451760786
0.0,40.0,6.0,53.0,0.0,0.0,1.0,0.2695841276289977
0.0,39.0,6.0,54.0,0.0,0.0,1.0,0.2704393494944609
0.0,39.0,7.0,53.0,0.0,0.0,1.0,0.27056342887898055
0.0,38.0,7.0,54.0,0.0,0.0,1.0,0.27149889062305993
0.0,37.0,7.0,55.0,0.0,0.0,1.0,0.2728228560699076
0.0,37.0,6.0,55.0,0.0,0.0,2.0,0.27548271291787646
0.0,37.0,7.0,54.0,0.0,0.0,2.0,0.2780847669975886
0.0,36.0,7.0,55.0,0.0,0.0,2.0,0.28018642220667295
0.0,36.0,8.0,54.0,0.0,0.0,2.0,0.2810141601301301
0.0,35.0,8.0,55.0,0.0,0.0,2.0,0.28204185785389313
0.0,34.0,8.0,56.0,0.0,0.0,2.0,0.2844994926621806
0.0,33.0,8.0,57.0,0.0,0.0,2.0,0.28666593782298433
0.0,32.0,8.0,58.0,0.0,0.0,2.0,0.2866883061464018
0.0,31.0,8.0,59.0,0.0,0.0,2.0,0.29382388828346445
0.0,30.0,8.0,60.0,0.0,0.0,2.0,0.2960547201791032
0.0,29.0,8.0,61.0,0.0,0.0,2.0,0.29655613176489276
0.0,29.0,9.0,60.0,0.0,0.0,2.0,0.2973627186457403
0.0,29.0,10.0,59.0,0.0,0.0,2.0,0.30996807337151006
0.0,28.0,10.0,60.0,0.0,0.0,2.0,0.3100039698515538
0.0,27.0,10.0,61.0,0.0,0.0,2.0,0.31781159105126816
0.0,26.0,10.0,62.0,0.0,0.0,2.0,0.3220954723964
0.0,26.0,11.0,61.0,0.0,0.0,2.0,0.3291820094998679
0.0,25.0,11.0,62.0,0.0,0.0,2.0,0.33726336022951714
0.0,24.0,11.0,63.0,0.0,0.0,2.0,0.33802112540487184
0.0,23.0,11.0,64.0,0.0,0.0,2.0,0.3401070716297525
0.0,22.0,11.0,65.0,0.0,0.0,2.0,0.3403834980113248
0.0,21.0,11.0,66.0,0.0,0.0,2.0,0.342102312273134
0.0,20.0,11.0,67.0,0.0,0.0,2.0,0.34443027375201435
0.0,19.0,11.0,68.0,0.0,0.0,2.0,0.34791200357646496
0.0,19.0,12.0,67.0,0.0,0.0,2.0,0.35746798400367713
0.0,18.0,12.0,68.0,0.0,0.0,2.0,0.35801597849304345
0.0,18.0,13.0,67.0,0.0,0.0,2.0,0.3659884363966794
0.0,18.0,14.0,66.0,0.0,0.0,2.0,0.37298204208785823
0.0,18.0,15.0,65.0,0.0,0.0,2.0,0.3738986413961022
0.0,17.0,15.0,66.0,0.0,0.0,2.0,0.3746152227616054
0.0,16.0,15.0,67.0,0.0,0.0,2.0,0.3778642758193414
0.0,16.0,16.0,66.0,0.0,0.0,2.0,0.38177837744771287
0.0,15.0,16.0,67.0,0.0,0.0,2.0,0.3828697721203518
0.0,15.0,15.0,67.0,0.0,0.0,3.0,0.38628245281623225
0.0,15.0,16.0,66.0,0.0,0.0,3.0,0.38769952179952083
0.0,14.0,16.0,67.0,0.0,0.0,3.0,0.38771488349514277
0.0,14.0,17.0,66.0,0.0,0.0,3.0,0.39044501703839635
0.0,13.0,17.0,67.0,0.0,0.0,3.0,0.4026342532016178
0.0,12.0,17.0,68.0,0.0,0.0,3.0,0.40543263673342295
0.0,11.0,17.0,69.0,0.0,0.0,3.0,0.4054497544595435
0.0,10.0,17.0,70.0,0.0,0.0,3.0,0.40701523291269914
0.0,9.0,17.0,71.0,0.0,0.0,3.0,0.4072805406523067
0.0,8.0,17.0,72.0,0.0,0.0,3.0,0.41005152027768427
0.0,8.0,18.0,71.0,0.0,0.0,3.0,0.41782832852896024
0.0,7.0,18.0,72.0,0.0,0.0,3.0,0.4229374022535541
0.0,6.0,18.0,73.0,0.0,0.0,3.0,0.4324224425135602
0.0,6.0,18.0,72.0,0.0,0.0,4.0,0.4352584817544215
0.0,6.0,19.0,71.0,0.0,0.0,4.0,0.4527779609467691
0.0,6.0,18.0,71.0,0.0,0.0,5.0,0.4573250057499636
0.0,6.0,19.0,70.0,0.0,0.0,5.0,0.4615331190701145
0.0,6.0,20.0,69.0,0.0,0.0,5.0,0.4637298093468999
0.0,5.0,20.0,70.0,0.0,0.0,5.0,0.46452343583901906
0.0,5.0,21.0,69.0,0.0,0.0,5.0,0.4824344164162856
0.0,5.0,22.0,68.0,0.0,0.0,5.0,0.4825695873220347
0.0,4.0,22.0,69.0,0.0,0.0,5.0,0.484043846798437
0.0,3.0,22.0,70.0,0.0,0.0,5.0,0.48840001444542314
0.0,2.0,22.0,71.0,0.0,0.0,5.0,0.48891069454404057
0.0,2.0,21.0,71.0,0.0,0.0,6.0,0.49174190201167506
0.0,2.0,22.0,70.0,0.0,0.0,6.0,0.4938164048359989
0.0,1.0,22.0,71.0,0.0,0.0,6.0,0.4975463370257875
0.0,1.0,23.0,70.0,0.0,0.0,6.0,0.5099865168549602
0.0,1.0,24.0,69.0,0.0,0.0,6.0,0.5172120473996076
0.0,1.0,25.0,68.0,0.0,0.0,6.0,0.5213650290613785
0.0,1.0,26.0,67.0,0.0,0.0,6.0,0.5292547580841694
0.0,0.0,26.0,68.0,0.0,0.0,6.0,0.5458164583397205
0.0,0.0,26.0,67.0,0.0,0.0,7.0,0.546210057675872
0.0,0.0,27.0,66.0,0.0,0.0,7.0,0.5476038747835655
0.0,0.0,28.0,65.0,0.0,0.0,7.0,0.5693533280025034
0.0,0.0,29.0,64.0,0.0,0.0,7.0,0.5714176655681127
0.0,0.0,30.0,63.0,0.0,0.0,7.0,0.5729834282877959
0.0,0.0,29.0,63.0,0.0,0.0,8.0,0.5905080457695793
0.0,0.0,28.0,63.0,0.0,0.0,9.0,0.5956878467816203
0.0,0.0,29.0,62.0,0.0,0.0,9.0,0.5963939856614544
0.0,0.0,28.0,62.0,0.0,0.0,10.0,0.6024363913293678
0.0,0.0,27.0,62.0,0.0,0.0,11.0,0.6025435008767668
0.0,0.0,26.0,62.0,0.0,0.0,12.0,0.6164357202205163
0.0,0.0,27.0,61.0,0.0,0.0,12.0,0.6309602655251068
0.0,0.0,26.0,61.0,0.0,0.0,13.0,0.6603153658479944
0.0,0.0,27.0,60.0,0.0,0.0,13.0,0.6610180716439891
0.0,0.0,28.0,59.0,0.0,0.0,13.0,0.6615286640570597
0.0,0.0,27.0,59.0,0.0,0.0,14.0,0.6690092297565691
0.0,0.0,28.0,58.0,0.0,0.0,14.0,0.6739992470365357
0.0,0.0,29.0,57.0,0.0,0.0,14.0,0.6760499702066783
0.0,0.0,30.0,56.0,0.0,0.0,14.0,0.6928312588277314
0.0,0.0,31.0,55.0,0.0,0.0,14.0,0.7015749648048272
0.0,0.0,32.0,54.0,0.0,0.0,14.0,0.7056827350503441
0.0,0.0,33.0,53.0,0.0,0.0,14.0,0.711779548647132
0.0,0.0,34.0,52.0,0.0,0.0,14.0,0.7160771791542646
0.0,0.0,33.0,52.0,0.0,0.0,15.0,0.7266175110723944
0.0,0.0,34.0,51.0,0.0,0.0,15.0,0.7286203886219319
0.0,0.0,33.0,51.0,0.0,0.0,16.0,0.7486801033375542
0.0,0.0,32.0,51.0,0.0,0.0,17.0,0.7707371229429136
0.0,0.0,33.0,50.0,0.0,0.0,17.0,0.786473539982258
0.0,0.0,34.0,49.0,0.0,0.0,17.0,0.7912137680388915
0.0,0.0,33.0,49.0,0.0,0.0,18.0,0.7914426607285842
0.0,0.0,34.0,48.0,0.0,0.0,18.0,0.8078341069048665
0.0,0.0,33.0,48.0,0.0,0.0,19.0,0.82650448118696
0.0,0.0,32.0,48.0,0.0,0.0,20.0,0.8433798870446297
0.0,0.0,33.0,47.0,0.0,0.0,20.0,0.8441030837672174
0.0,0.0,34.0,46.0,0.0,0.0,20.0,0.8452158835930177
0.0,0.0,35.0,45.0,0.0,0.0,20.0,0.8625346556298958
0.0,0.0,34.0,45.0,0.0,0.0,21.0,0.8801628805155486
0.0,0.0,34.0,44.0,0.0,0.0,22.0,0.8821032191327739
0.0,0.0,35.0,43.0,0.0,0.0,22.0,0.8966661071597998
0.0,0.0,34.0,43.0,0.0,0.0,23.0,0.8985427418488775
0.0,0.0,33.0,43.0,0.0,0.0,24.0,0.9002097306566554
0.0,0.0,34.0,42.0,0.0,0.0,24.0,0.9215980679031437
0.0,0.0,35.0,41.0,0.0,0.0,24.0,0.9380029917375611
0.0,0.0,36.0,40.0,0.0,0.0,24.0,0.9601098182068234
0.0,0.0,37.0,39.0,0.0,0.0,24.0,0.9635755000698077
0.0,0.0,38.0,38.0,0.0,0.0,24.0,0.9859137892193405
0.0,0.0,37.0,38.0,0.0,0.0,25.0,0.9862540631272451
0.0,0.0,38.0,37.0,0.0,0.0,25.0,0.9912283193985196
0.0,0.0,38.0,36.0,0.0,0.0,26.0,0.9920115792360922
0.0,0.0,39.0,35.0,0.0,0.0,26.0,1.0023560781265228
0.0,0.0,38.0,35.0,0.0,0.0,27.0,1.0047933317060416
0.0,0.0,37.0,35.0,0.0,0.0,28.0,1.0051621992152178
0.0,0.0,38.0,34.0,0.0,0.0,28.0,1.022588801492537
0.0,0.0,37.0,34.0,0.0,0.0,29.0,1.0335821031141104
0.0,0.0,38.0,33.0,0.0,0.0,29.0,1.0451678348616884
0.0,0.0,39.0,32.0,0.0,0.0,29.0,1.0651356215305072
0.0,0.0,38.0,32.0,0.0,0.0,30.0,1.0656940213003254
0.0,0.0,39.0,31.0,0.0,0.0,30.0,1.088277528224344
0.0,0.0,38.0,31.0,0.0,0.0,31.0,1.1041617976227684
0.0,0.0,37.0,31.0,0.0,0.0,32.0,1.1057378281874002
0.0,0.0,38.0,30.0,0.0,0.0,32.0,1.1163249363281507
0.0,0.0,37.0,30.0,0.0,0.0,33.0,1.1222477672964855
0.0,0.0,36.0,30.0,0.0,0.0,34.0,1.1297905065388378
0.0,0.0,36.0,29.0,0.0,0.0,35.0,1.1712813807048394
0.0,0.0,37.0,28.0,0.0,0.0,35.0,1.1747908966224416
0.0,0.0,36.0,28.0,0.0,0.0,36.0,1.2076972974612685
0.0,0.0,37.0,27.0,0.0,0.0,36.0,1.2255318004219264
0.0,0.0,36.0,27.0,0.0,0.0,37.0,1.2316083375254159
0.0,0.0,35.0,27.0,0.0,0.0,38.0,1.2444320640811712
0.0,0.0,36.0,26.0,0.0,0.0,38.0,1.2586776534850106
0.0,0.0,35.0,26.0,0.0,0.0,39.0,1.2766924297470552
0.0,0.0,36.0,25.0,0.0,0.0,39.0,1.3029194959896175
0.0,0.0,35.0,25.0,0.0,0.0,40.0,1.3088112658534918
0.0,0.0,34.0,25.0,0.0,0.0,41.0,1.3345245819276275
0.0,0.0,33.0,25.0,0.0,0.0,42.0,1.3486218625835966
0.0,0.0,34.0,24.0,0.0,0.0,42.0,1.4396402207781445
0.0,0.0,33.0,24.0,0.0,0.0,43.0,1.4629736024126159
0.0,0.0,32.0,24.0,0.0,0.0,44.0,1.4766044940162844
0.0,0.0,33.0,23.0,0.0,0.0,44.0,1.539591224606986
0.0,0.0,32.0,23.0,0.0,0.0,45.0,1.5459649636252697
0.0,0.0,31.0,23.0,0.0,0.0,46.0,1.547460450606742
0.0,0.0,32.0,22.0,0.0,0.0,46.0,1.5760907093423395
0.0,0.0,31.0,22.0,0.0,0.0,47.0,1.5850669385914702
0.0,0.0,30.0,22.0,0.0,0.0,48.0,1.5925990086825836
0.0,0.0,29.0,22.0,0.0,0.0,49.0,1.6086491445194753
0.0,0.0,30.0,21.0,0.0,0.0,49.0,1.6206864780887131
0.0,0.0,29.0,21.0,0.0,0.0,50.0,1.6848451654285699
0.0,0.0,30.0,20.0,0.0,0.0,50.0,1.7182501988049017
0.0,0.0,29.0,20.0,0.0,0.0,51.0,1.7346437338187517
0.0,0.0,30.0,19.0,0.0,0.0,51.0,1.753859364219497
0.0,0.0,31.0,18.0,0.0,0.0,51.0,1.7573929490522968
0.0,0.0,30.0,18.0,0.0,0.0,52.0,1.7923769645986811
0.0,0.0,29.0,18.0,0.0,0.0,53.0,1.809439541485524
0.0,0.0,28.0,18.0,0.0,0.0,54.0,1.8176776542274196
0.0,0.0,27.0,18.0,0.0,0.0,55.0,1.8203920890878262
0.0,0.0,28.0,17.0,0.0,0.0,55.0,1.824755117409015
0.0,0.0,29.0,16.0,0.0,0.0,55.0,1.8260901701682881
0.0,0.0,30.0,15.0,0.0,0.0,55.0,1.8375388890348792
0.0,0.0,31.0,14.0,0.0,0.0,55.0,1.8451887627356165
0.0,0.0,30.0,14.0,0.0,0.0,56.0,1.850428988570325
0.0,0.0,29.0,14.0,0.0,0.0,57.0,1.8674067375744092
0.0,0.0,28.0,14.0,0.0,0.0,58.0,1.869368576937696
0.0,0.0,27.0,14.0,0.0,0.0,59.0,1.875815125629591
0.0,0.0,26.0,14.0,0.0,0.0,60.0,1.90762481122524
0.0,0.0,27.0,13.0,0.0,0.0,60.0,1.916932879172971
0.0,0.0,28.0,12.0,0.0,0.0,60.0,1.9300313167391057
0.0,0.0,27.0,12.0,0.0,0.0,61.0,1.9316997443921506
0.0,0.0,26.0,12.0,0.0,0.0,62.0,1.9592197275410566
0.0,0.0,25.0,12.0,0.0,0.0,63.0,1.9641425162056518
0.0,0.0,24.0,12.0,0.0,0.0,64.0,2.0426406048744696
0.0,0.0,24.0,11.0,0.0,0.0,65.0,2.0584283857726335
0.0,0.0,23.0,11.0,0.0,0.0,66.0,2.089174403134302
0.0,0.0,22.0,11.0,0.0,0.0,67.0,2.098376019605258
0.0,0.0,23.0,10.0,0.0,0.0,67.0,2.1115166722289547
0.0,0.0,24.0,9.0,0.0,0.0,67.0,2.163444257578559
0.0,0.0,23.0,9.0,0.0,0.0,68.0,2.1968270833117916
0.0,0.0,23.0,8.0,0.0,0.0,69.0,2.2024069756833953
0.0,0.0,24.0,7.0,0.0,0.0,69.0,2.2046477756265364
0.0,0.0,23.0,7.0,0.0,0.0,70.0,2.2765889643146897
0.0,0.0,22.0,7.0,0.0,0.0,71.0,2.317251232247856
0.0,0.0,21.0,7.0,0.0,0.0,72.0,2.333631683606543
0.0,0.0,22.0,6.0,0.0,0.0,72.0,2.337017706076077
0.0,0.0,23.0,5.0,0.0,0.0,72.0,2.5954459756883
0.0,0.0,22.0,5.0,0.0,0.0,73.0,2.65500218725208
0.0,0.0,21.0,5.0,0.0,0.0,74.0,2.690215626032237
0.0,0.0,21.0,4.0,0.0,0.0,75.0,2.7062414255324536
0.0,0.0,20.0,4.0,0.0,0.0,76.0,2.708803229766139
0.0,0.0,19.0,4.0,0.0,0.0,77.0,2.7977471321769922
0.0,0.0,18.0,4.0,0.0,0.0,78.0,2.801284140121895
0.0,0.0,17.0,4.0,0.0,0.0,79.0,2.8263295581611154
0.0,0.0,16.0,4.0,0.0,0.0,80.0,2.827851456521324
0.0,0.0,15.0,4.0,0.0,0.0,81.0,2.8601286622565776
0.0,0.0,14.0,4.0,0.0,0.0,82.0,2.910846704048339
0.0,0.0,13.0,4.0,0.0,0.0,83.0,2.9397763347128176
0.0,0.0,14.0,3.0,0.0,0.0,83.0,2.9527252497899075
0.0,0.0,13.0,3.0,0.0,0.0,84.0,3.0422830023860628
0.0,0.0,14.0,2.0,0.0,0.0,84.0,3.0761230925078342
0.0,0.0,13.0,2.0,0.0,0.0,85.0,3.281049361174313
0.0,0.0,12.0,2.0,0.0,0.0,86.0,3.414776454600397
0.0,0.0,13.0,1.0,0.0,0.0,86.0,3.609949055174454
0.0,0.0,12.0,1.0,0.0,0.0,87.0,3.6577919092514186
0.0,0.0,11.0,1.0,0.0,0.0,88.0,3.754064728247603
0.0,0.0,10.0,1.0,0.0,0.0,89.0,3.8307235469054723
0.0,0.0,9.0,1.0,0.0,0.0,90.0,3.9213625059897916
0.0,0.0,8.0,1.0,0.0,0.0,91.0,3.9909673130398438
0.0,0.0,7.0,1.0,0.0,0.0,92.0,4.276248297339836
0.0,0.0,8.0,0.0,0.0,0.0,92.0,4.368565857450906
0.0,0.0,7.0,0.0,0.0,0.0,93.0,4.467898831767263
0.0,0.0,6.0,0.0,0.0,0.0,94.0,5.253562139438694
0.0,0.0,5.0,0.0,0.0,0.0,95.0,5.267215302363361
0.0,0.0,4.0,0.0,0.0,0.0,96.0,5.371667252778015
0.0,0.0,3.0,0.0,0.0,0.0,97.0,5.632618002165176
0.0,0.0,2.0,0.0,0.0,0.0,98.0,5.70095480936083
0.0,0.0,1.0,0.0,0.0,0.0,99.0,6.528542466223904
0.0,0.0,0.0,0.0,0.0,0.0,100.0,6.775414256313174
