V,B,W_B,C_B,C,W,P,t
98.0,1.0,0.0,0.0,1.0,0.0,0.0,0.0
97.0,2.0,0.0,0.0,1.0,0.0,0.0,0.009669730193809565
96.0,3.0,0.0,0.0,1.0,0.0,0.0,0.01132422579081719
95.0,4.0,0.0,0.0,1.0,0.0,0.0,0.01360469654587668
94.0,5.0,0.0,0.0,1.0,0.0,0.0,0.014597992781362062
93.0,6.0,0.0,0.0,1.0,0.0,0.0,0.016079405850345483
92.0,7.0,0.0,0.0,1.0,0.0,0.0,0.01635241448614624
91.0,8.0,0.0,0.0,1.0,0.0,0.0,0.017035874963443793
90.0,9.0,0.0,0.0,1.0,0.0,0.0,0.01823658742440944
89.0,10.0,0.0,0.0,1.0,0.0,0.0,0.0188014804682986
88.0,11.0,0.0,0.0,1.0,0.0,0.0,0.018966972759577063
87.0,12.0,0.0,0.0,1.0,0.0,0.0,0.019156019012099762
86.0,13.0,0.0,0.0,1.0,0.0,0.0,0.019534929057961822
85.0,14.0,0.0,0.0,1.0,0.0,0.0,0.020523312996008698
84.0,15.0,0.0,0.0,1.0,0.0,0.0,0.020812941779403064
83.0,16.0,0.0,0.0,1.0,0.0,0.0,0.022115332975270824
82.0,17.0,0.0,0.0,1.0,0.0,0.0,0.0232513684636879
81.0,18.0,0.0,0.0,1.0,0.0,0.0,0.023933089845990276
80.0,19.0,0.0,0.0,1.0,0.0,0.0,0.02400236891005951
79.0,20.0,0.0,0.0,1.0,0.0,0.0,0.02421917336453833
78.0,21.0,0.0,0.0,1.0,0.0,0.0,0.024394460932184076
77.0,22.0,0.0,0.0,1.0,0.0,0.0,0.025325340939313785
76.0,23.0,0.0,0.0,1.0,0.0,0.0,0.02610916134372267
75.0,24.0,0.0,0.0,1.0,0.0,0.0,0.027135254390471958
74.0,25.0,0.0,0.0,1.0,0.0,0.0,0.02737057117678335
73.0,26.0,0.0,0.0,1.0,0.0,0.0,0.027568653464072317
72.0,27.0,0.0,0.0,1.0,0.0,0.0,0.028069001773442504
71.0,28.0,0.0,0.0,1.0,0.0,0.0,0.028678405302831583
70.0,29.0,0.0,0.0,1.0,0.0,0.0,0.0293487969734892
69.0,30.0,0.0,0.0,1.0,0.0,0.0,0.029526934772941903
68.0,31.0,0.0,0.0,1.0,0.0,0.0,0.029537109198491784
67.0,32.0,0.0,0.0,1.0,0.0,0.0,0.029658077657580665
66.0,33.0,0.0,0.0,1.0,0.0,0.0,0.03003059788262491
65.0,34.0,0.0,0.0,1.0,0.0,0.0,0.030204612701984167
64.0,35.0,0.0,0.0,1.0,0.0,0.0,0.030361043967773015
63.0,36.0,0.0,0.0,1.0,0.0,0.0,0.031257572396547306
62.0,37.0,0.0,0.0,1.0,0.0,0.0,0.03137299361974409
61.0,38.0,0.0,0.0,1.0,0.0,0.0,0.03167919291633191
60.0,39.0,0.0,0.0,1.0,0.0,0.0,0.03206760072261096
59.0,40.0,0.0,0.0,1.0,0.0,0.0,0.032208977490488254
58.0,41.0,0.0,0.0,1.0,0.0,0.0,0.03223322430890342
57.0,42.0,0.0,0.0,1.0,0.0,0.0,0.032505790312895876
56.0,43.0,0.0,0.0,1.0,0.0,0.0,0.032775635656817695
55.0,44.0,0.0,0.0,1.0,0.0,0.0,0.03306217333191159
54.0,45.0,0.0,0.0,1.0,0.0,0.0,0.033263876204338884
54.0,45.0,0.0,1.0,0.0,0.0,0.0,0.03338912033670526
53.0,46.0,0.0,1.0,0.0,0.0,0.0,0.03351233865464658
52.0,47.0,0.0,1.0,0.0,0.0,0.0,0.03375382556938354
51.0,48.0,0.0,1.0,0.0,0.0,0.0,0.033991541363347
50.0,49.0,0.0,1.0,0.0,0.0,0.0,0.03427390576828076
49.0,50.0,0.0,1.0,0.0,0.0,0.0,0.034596060027052955
48.0,51.0,0.0,1.0,0.0,0.0,0.0,0.03483684214537395
47.0,52.0,0.0,1.0,0.0,0.0,0.0,0.03510089328686362
46.0,53.0,0.0,1.0,0.0,0.0,0.0,0.036065519100612085
45.0,54.0,0.0,1.0,0.0,0.0,0.0,0.03681516018873736
44.0,55.0,0.0,1.0,0.0,0.0,0.0,0.03687175684133936
43.0,56.0,0.0,1.0,0.0,0.0,0.0,0.03694067974692632
42.0,57.0,0.0,1.0,0.0,0.0,0.0,0.037754005795493546
41.0,58.0,0.0,1.0,0.0,0.0,0.0,0.03778482490980716
40.0,59.0,0.0,1.0,0.0,0.0,0.0,0.03787506226456848
39.0,60.0,0.0,1.0,0.0,0.0,0.0,0.03921052497355992
38.0,61.0,0.0,1.0,0.0,0.0,0.0,0.03940284093058414
37.0,62.0,0.0,1.0,0.0,0.0,0.0,0.039771838553768056
36.0,63.0,0.0,1.0,0.0,0.0,0.0,0.04030145615752422
35.0,64.0,0.0,1.0,0.0,0.0,0.0,0.04049936596431981
34.0,65.0,0.0,1.0,0.0,0.0,0.0,0.04084316004503177
33.0,66.0,0.0,1.0,0.0,0.0,0.0,0.041041161495033264
32.0,67.0,0.0,1.0,0.0,0.0,0.0,0.04201028249180471
31.0,68.0,0.0,1.0,0.0,0.0,0.0,0.04218571941324516
30.0,69.0,0.0,1.0,0.0,0.0,0.0,0.04278697092003715
29.0,70.0,0.0,1.0,0.0,0.0,0.0,0.04292171924406894
28.0,71.0,0.0,1.0,0.0,0.0,0.0,0.043345613538047854
27.0,72.0,0.0,1.0,0.0,0.0,0.0,0.04362693106010405
26.0,73.0,0.0,1.0,0.0,0.0,0.0,0.044395980260509456
25.0,74.0,0.0,1.0,0.0,0.0,0.0,0.045035178308589476
24.0,75.0,0.0,1.0,0.0,0.0,0.0,0.04561639988817273
23.0,76.0,0.0,1.0,0.0,0.0,0.0,0.045800142973544206
22.0,77.0,0.0,1.0,0.0,0.0,0.0,0.04580665778559352
21.0,78.0,0.0,1.0,0.0,0.0,0.0,0.04665020146885028
20.0,79.0,0.0,1.0,0.0,0.0,0.0,0.04708989742783541
19.0,80.0,0.0,1.0,0.0,0.0,0.0,0.04715335602052835
18.0,81.0,0.0,1.0,0.0,0.0,0.0,0.047352264922455804
17.0,82.0,0.0,1.0,0.0,0.0,0.0,0.04916615484294353
16.0,83.0,0.0,1.0,0.0,0.0,0.0,0.050165967897102585
15.0,84.0,0.0,1.0,0.0,0.0,0.0,0.051039932359696956
14.0,85.0,0.0,1.0,0.0,0.0,0.0,0.05116626915035538
13.0,86.0,0.0,1.0,0.0,0.0,0.0,0.05243440229609047
12.0,87.0,0.0,1.0,0.0,0.0,0.0,0.05343649284102258
11.0,88.0,0.0,1.0,0.0,0.0,0.0,0.05395344120074975
10.0,89.0,0.0,1.0,0.0,0.0,0.0,0.054797429561553514
9.0,90.0,0.0,1.0,0.0,0.0,0.0,0.056664229438404594
8.0,91.0,0.0,1.0,0.0,0.0,0.0,0.05873918483996968
7.0,92.0,0.0,1.0,0.0,0.0,0.0,0.059534498343495945
6.0,93.0,0.0,1.0,0.0,0.0,0.0,0.06251899063052464
5.0,94.0,0.0,1.0,0.0,0.0,0.0,0.06478160454882942
4.0,95.0,0.0,1.0,0.0,0.0,0.0,0.06478775283143876
3.0,96.0,0.0,1.0,0.0,0.0,0.0,0.06713223907867252
2.0,97.0,0.0,1.0,0.0,0.0,0.0,0.06794637648159249
1.0,98.0,0.0,1.0,0.0,0.0,0.0,0.06801393271093288
0.0,99.0,0.0,1.0,0.0,0.0,0.0,0.10038686156616966
0.0,99.0,0.0,0.0,0.0,0.0,1.0,0.546297557398274
