V,B,W_B,C_B,C,W,P,t
98.0,1.0,0.0,0.0,1.0,0.0,0.0,0.0
97.0,2.0,0.0,0.0,1.0,0.0,0.0,0.003971525024508197
96.0,3.0,0.0,0.0,1.0,0.0,0.0,0.013209123063997175
95.0,4.0,0.0,0.0,1.0,0.0,0.0,0.016348501009275443
94.0,5.0,0.0,0.0,1.0,0.0,0.0,0.016363941091337975
93.0,6.0,0.0,0.0,1.0,0.0,0.0,0.016916986515244346
92.0,7.0,0.0,0.0,1.0,0.0,0.0,0.017517511816747506
91.0,8.0,0.0,0.0,1.0,0.0,0.0,0.018409705170078824
90.0,9.0,0.0,0.0,1.0,0.0,0.0,0.018420361057861556
89.0,10.0,0.0,0.0,1.0,0.0,0.0,0.018537590351674554
88.0,11.0,0.0,0.0,1.0,0.0,0.0,0.018588439132538097
87.0,12.0,0.0,0.0,1.0,0.0,0.0,0.0186373472664819
86.0,13.0,0.0,0.0,1.0,0.0,0.0,0.0196411217077979
85.0,14.0,0.0,0.0,1.0,0.0,0.0,0.020092162299397757
84.0,15.0,0.0,0.0,1.0,0.0,0.0,0.02074546107339348
83.0,16.0,0.0,0.0,1.0,0.0,0.0,0.021063571227627146
82.0,17.0,0.0,0.0,1.0,0.0,0.0,0.02141107214550067
81.0,18.0,0.0,0.0,1.0,0.0,0.0,0.021778386761696807
80.0,19.0,0.0,0.0,1.0,0.0,0.0,0.022065074385755844
79.0,20.0,0.0,0.0,1.0,0.0,0.0,0.023099053767208014
78.0,21.0,0.0,0.0,1.0,0.0,0.0,0.023574259122256188
77.0,22.0,0.0,0.0,1.0,0.0,0.0,0.02434019665794902
76.0,23.0,0.0,0.0,1.0,0.0,0.0,0.024912951622579785
75.0,24.0,0.0,0.0,1.0,0.0,0.0,0.025392920972838632
74.0,25.0,0.0,0.0,1.0,0.0,0.0,0.026061601091154397
73.0,26.0,0.0,0.0,1.0,0.0,0.0,0.026141319088108215
72.0,27.0,0.0,0.0,1.0,0.0,0.0,0.026456233926243054
71.0,28.0,0.0,0.0,1.0,0.0,0.0,0.02684072553523131
70.0,29.0,0.0,0.0,1.0,0.0,0.0,0.027228087024589318
69.0,30.0,0.0,0.0,1.0,0.0,0.0,0.028068540920488383
68.0,31.0,0.0,0.0,1.0,0.0,0.0,0.028487431223562523
67.0,32.0,0.0,0.0,1.0,0.0,0.0,0.02936015696655278
66.0,33.0,0.0,0.0,1.0,0.0,0.0,0.030249592918676186
65.0,34.0,0.0,0.0,1.0,0.0,0.0,0.030481364045146397
64.0,35.0,0.0,0.0,1.0,0.0,0.0,0.03145469365760837
63.0,36.0,0.0,0.0,1.0,0.0,0.0,0.03196941778595397
62.0,37.0,0.0,0.0,1.0,0.0,0.0,0.032291763949984294
61.0,38.0,0.0,0.0,1.0,0.0,0.0,0.03232385513715103
60.0,39.0,0.0,0.0,1.0,0.0,0.0,0.03269835735555139
59.0,40.0,0.0,0.0,1.0,0.0,0.0,0.032849668144826975
58.0,41.0,0.0,0.0,1.0,0.0,0.0,0.03301755308320234
57.0,42.0,0.0,0.0,1.0,0.0,0.0,0.03349546220112883
56.0,43.0,0.0,0.0,1.0,0.0,0.0,0.03382195244892688
55.0,44.0,0.0,0.0,1.0,0.0,0.0,0.03425355926691888
54.0,45.0,0.0,0.0,1.0,0.0,0.0,0.03429362666290572
53.0,46.0,0.0,0.0,1.0,0.0,0.0,0.03435088453720043
52.0,47.0,0.0,0.0,1.0,0.0,0.0,0.035218969300327585
51.0,48.0,0.0,0.0,1.0,0.0,0.0,0.03531995570730449
50.0,49.0,0.0,0.0,1.0,0.0,0.0,0.03542568915420966
49.0,50.0,0.0,0.0,1.0,0.0,0.0,0.03551665641889104
48.0,51.0,0.0,0.0,1.0,0.0,0.0,0.03552672377696768
47.0,52.0,0.0,0.0,1.0,0.0,0.0,0.03555226408573693
46.0,53.0,0.0,0.0,1.0,0.0,0.0,0.036048185376090135
45.0,54.0,0.0,0.0,1.0,0.0,0.0,0.03629047456688093
44.0,55.0,0.0,0.0,1.0,0.0,0.0,0.03636998903409959
43.0,56.0,0.0,0.0,1.0,0.0,0.0,0.03641867554496406
42.0,57.0,0.0,0.0,1.0,0.0,0.0,0.0370689236234994
41.0,58.0,0.0,0.0,1.0,0.0,0.0,0.03730044545490099
40.0,59.0,0.0,0.0,1.0,0.0,0.0,0.037638366588364086
39.0,60.0,0.0,0.0,1.0,0.0,0.0,0.0379335198653026
38.0,61.0,0.0,0.0,1.0,0.0,0.0,0.0379812321384315
37.0,62.0,0.0,0.0,1.0,0.0,0.0,0.03824674696053505
36.0,63.0,0.0,0.0,1.0,0.0,0.0,0.03939811010325868
35.0,64.0,0.0,0.0,1.0,0.0,0.0,0.039420625664826243
34.0,65.0,0.0,0.0,1.0,0.0,0.0,0.039483025234736686
34.0,65.0,0.0,1.0,0.0,0.0,0.0,0.03963095730784062
33.0,66.0,0.0,1.0,0.0,0.0,0.0,0.03970352633641745
32.0,67.0,0.0,1.0,0.0,0.0,0.0,0.040056277126949806
31.0,68.0,0.0,1.0,0.0,0.0,0.0,0.040211138777459104
30.0,69.0,0.0,1.0,0.0,0.0,0.0,0.040212476003094036
29.0,70.0,0.0,1.0,0.0,0.0,0.0,0.04058070271743213
28.0,71.0,0.0,1.0,0.0,0.0,0.0,0.041093730026065076
27.0,72.0,0.0,1.0,0.0,0.0,0.0,0.04137544204387247
26.0,73.0,0.0,1.0,0.0,0.0,0.0,0.04267615763290884
25.0,74.0,0.0,1.0,0.0,0.0,0.0,0.043064205064091726
24.0,75.0,0.0,1.0,0.0,0.0,0.0,0.04333893620686162
23.0,76.0,0.0,1.0,0.0,0.0,0.0,0.045508963223847884
22.0,77.0,0.0,1.0,0.0,0.0,0.0,0.04571869103432279
21.0,78.0,0.0,1.0,0.0,0.0,0.0,0.04600522575067621
20.0,79.0,0.0,1.0,0.0,0.0,0.0,0.04813535045984383
19.0,80.0,0.0,1.0,0.0,0.0,0.0,0.04831393505376643
18.0,81.0,0.0,1.0,0.0,0.0,0.0,0.04863274454610317
17.0,82.0,0.0,1.0,0.0,0.0,0.0,0.04932018113060643
16.0,83.0,0.0,1.0,0.0,0.0,0.0,0.05065305738079503
15.0,84.0,0.0,1.0,0.0,0.0,0.0,0.051569095128067184
14.0,85.0,0.0,1.0,0.0,0.0,0.0,0.05207942342242593
13.0,86.0,0.0,1.0,0.0,0.0,0.0,0.05297602269430413
12.0,87.0,0.0,1.0,0.0,0.0,0.0,0.05340872865035698
11.0,88.0,0.0,1.0,0.0,0.0,0.0,0.05353717856540578
11.0,88.0,0.0,0.0,0.0,0.0,1.0,0.05459107779441877
10.0,89.0,0.0,0.0,0.0,0.0,1.0,0.05812541565811216
9.0,90.0,0.0,0.0,0.0,0.0,1.0,0.05977992150137384
8.0,91.0,0.0,0.0,0.0,0.0,1.0,0.06054723046317193
7.0,92.0,0.0,0.0,0.0,0.0,1.0,0.062175761143768514
6.0,93.0,0.0,0.0,0.0,0.0,1.0,0.06229537735223258
5.0,94.0,0.0,0.0,0.0,0.0,1.0,0.06462698757409448
4.0,95.0,0.0,0.0,0.0,0.0,1.0,0.06470292704697676
3.0,96.0,0.0,0.0,0.0,0.0,1.0,0.06531373408419974
2.0,97.0,0.0,0.0,0.0,0.0,1.0,0.06903384777149366
1.0,98.0,0.0,0.0,0.0,0.0,1.0,0.06912870669196575
0.0,99.0,0.0,0.0,0.0,0.0,1.0,0.07350133267224486
