V,B,W_B,C_B,C,W,P,t
98.0,1.0,0.0,0.0,1.0,0.0,0.0,0.0
97.0,2.0,0.0,0.0,1.0,0.0,0.0,5.154017388369301e-05
96.0,3.0,0.0,0.0,1.0,0.0,0.0,0.002046031747900218
95.0,4.0,0.0,0.0,1.0,0.0,0.0,0.003993593158100745
94.0,5.0,0.0,0.0,1.0,0.0,0.0,0.005771425506968481
93.0,6.0,0.0,0.0,1.0,0.0,0.0,0.006309725348313397
92.0,7.0,0.0,0.0,1.0,0.0,0.0,0.006477110942996883
91.0,8.0,0.0,0.0,1.0,0.0,0.0,0.007340737002703358
90.0,9.0,0.0,0.0,1.0,0.0,0.0,0.007651492105772598
89.0,10.0,0.0,0.0,1.0,0.0,0.0,0.007718841712118896
88.0,11.0,0.0,0.0,1.0,0.0,0.0,0.007967362712958892
87.0,12.0,0.0,0.0,1.0,0.0,0.0,0.008103951497628074
86.0,13.0,0.0,0.0,1.0,0.0,0.0,0.009239728327181876
85.0,14.0,0.0,0.0,1.0,0.0,0.0,0.009719155919670978
84.0,15.0,0.0,0.0,1.0,0.0,0.0,0.009856381122758783
83.0,16.0,0.0,0.0,1.0,0.0,0.0,0.010524078623947351
82.0,17.0,0.0,0.0,1.0,0.0,0.0,0.012750114241193256
81.0,18.0,0.0,0.0,1.0,0.0,0.0,0.013060872921505094
80.0,19.0,0.0,0.0,1.0,0.0,0.0,0.013516425771813327
79.0,20.0,0.0,0.0,1.0,0.0,0.0,0.014296758957778058
78.0,21.0,0.0,0.0,1.0,0.0,0.0,0.01477895827151561
77.0,22.0,0.0,0.0,1.0,0.0,0.0,0.014941754210072242
76.0,23.0,0.0,0.0,1.0,0.0,0.0,0.0158184883461088
75.0,24.0,0.0,0.0,1.0,0.0,0.0,0.01639947254501998
74.0,25.0,0.0,0.0,1.0,0.0,0.0,0.016940923357597736
73.0,26.0,0.0,0.0,1.0,0.0,0.0,0.017259424394665587
72.0,27.0,0.0,0.0,1.0,0.0,0.0,0.017410353653423992
71.0,28.0,0.0,0.0,1.0,0.0,0.0,0.017476892272474922
70.0,29.0,0.0,0.0,1.0,0.0,0.0,0.01752488423620848
69.0,30.0,0.0,0.0,1.0,0.0,0.0,0.01758711544138849
68.0,31.0,0.0,0.0,1.0,0.0,0.0,0.017630506228189367
67.0,32.0,0.0,0.0,1.0,0.0,0.0,0.019270960024913148
66.0,33.0,0.0,0.0,1.0,0.0,0.0,0.019332253287224238
65.0,34.0,0.0,0.0,1.0,0.0,0.0,0.0195563541526163
64.0,35.0,0.0,0.0,1.0,0.0,0.0,0.019747608267449986
63.0,36.0,0.0,0.0,1.0,0.0,0.0,0.019825175134016507
62.0,37.0,0.0,0.0,1.0,0.0,0.0,0.019940961263174302
61.0,38.0,0.0,0.0,1.0,0.0,0.0,0.020655509444003056
60.0,39.0,0.0,0.0,1.0,0.0,0.0,0.02092325685248533
59.0,40.0,0.0,0.0,1.0,0.0,0.0,0.020954323803747885
58.0,41.0,0.0,0.0,1.0,0.0,0.0,0.02140996544267901
57.0,42.0,0.0,0.0,1.0,0.0,0.0,0.02185157141189357
56.0,43.0,0.0,0.0,1.0,0.0,0.0,0.021944779266842126
55.0,44.0,0.0,0.0,1.0,0.0,0.0,0.02208095983275848
54.0,45.0,0.0,0.0,1.0,0.0,0.0,0.022180138048458215
53.0,46.0,0.0,0.0,1.0,0.0,0.0,0.023070813834413163
52.0,47.0,0.0,0.0,1.0,0.0,0.0,0.023340884302101954
51.0,48.0,0.0,0.0,1.0,0.0,0.0,0.023513902689980656
50.0,49.0,0.0,0.0,1.0,0.0,0.0,0.0240808769083227
49.0,50.0,0.0,0.0,1.0,0.0,0.0,0.02455460167013584
48.0,51.0,0.0,0.0,1.0,0.0,0.0,0.024676898917758924
47.0,52.0,0.0,0.0,1.0,0.0,0.0,0.025138882338981896
46.0,53.0,0.0,0.0,1.0,0.0,0.0,0.025268057463722425
45.0,54.0,0.0,0.0,1.0,0.0,0.0,0.025485799708523462
44.0,55.0,0.0,0.0,1.0,0.0,0.0,0.02557198102135625
43.0,56.0,0.0,0.0,1.0,0.0,0.0,0.026201509973400136
42.0,57.0,0.0,0.0,1.0,0.0,0.0,0.026370562261737316
41.0,58.0,0.0,0.0,1.0,0.0,0.0,0.027182207917810893
40.0,59.0,0.0,0.0,1.0,0.0,0.0,0.02818076724189057
39.0,60.0,0.0,0.0,1.0,0.0,0.0,0.028378015824120688
38.0,61.0,0.0,0.0,1.0,0.0,0.0,0.02842204743155544
37.0,62.0,0.0,0.0,1.0,0.0,0.0,0.029293937171541506
36.0,63.0,0.0,0.0,1.0,0.0,0.0,0.02950449651804901
35.0,64.0,0.0,0.0,1.0,0.0,0.0,0.02995373193655945
34.0,65.0,0.0,0.0,1.0,0.0,0.0,0.03011323663815426
33.0,66.0,0.0,0.0,1.0,0.0,0.0,0.030207561595786015
32.0,67.0,0.0,0.0,1.0,0.0,0.0,0.03079036707334169
31.0,68.0,0.0,0.0,1.0,0.0,0.0,0.03130970838158931
30.0,69.0,0.0,0.0,1.0,0.0,0.0,0.03200083517366896
30.0,69.0,0.0,1.0,0.0,0.0,0.0,0.03311731859089132
29.0,70.0,0.0,1.0,0.0,0.0,0.0,0.03317965798000877
28.0,71.0,0.0,1.0,0.0,0.0,0.0,0.03339543171437814
27.0,72.0,0.0,1.0,0.0,0.0,0.0,0.03438719887130779
26.0,73.0,0.0,1.0,0.0,0.0,0.0,0.03455669175766679
25.0,74.0,0.0,1.0,0.0,0.0,0.0,0.034984877895916255
24.0,75.0,0.0,1.0,0.0,0.0,0.0,0.035009542052539463
23.0,76.0,0.0,1.0,0.0,0.0,0.0,0.035111006366337044
22.0,77.0,0.0,1.0,0.0,0.0,0.0,0.035224327330777724
21.0,78.0,0.0,1.0,0.0,0.0,0.0,0.03531748078042215
20.0,79.0,0.0,1.0,0.0,0.0,0.0,0.03544615906327766
19.0,80.0,0.0,1.0,0.0,0.0,0.0,0.035557006678307995
18.0,81.0,0.0,1.0,0.0,0.0,0.0,0.035648773899245374
17.0,82.0,0.0,1.0,0.0,0.0,0.0,0.03595325348400055
16.0,83.0,0.0,1.0,0.0,0.0,0.0,0.03604611316979679
15.0,84.0,0.0,1.0,0.0,0.0,0.0,0.036230216394269786
14.0,85.0,0.0,1.0,0.0,0.0,0.0,0.03692998570388169
13.0,86.0,0.0,1.0,0.0,0.0,0.0,0.03787658044306547
12.0,87.0,0.0,1.0,0.0,0.0,0.0,0.039250446310300266
11.0,88.0,0.0,1.0,0.0,0.0,0.0,0.04053464606793351
10.0,89.0,0.0,1.0,0.0,0.0,0.0,0.04169485510751557
9.0,90.0,0.0,1.0,0.0,0.0,0.0,0.04214211031850747
8.0,91.0,0.0,1.0,0.0,0.0,0.0,0.04236578937770846
7.0,92.0,0.0,1.0,0.0,0.0,0.0,0.04297324971350577
6.0,93.0,0.0,1.0,0.0,0.0,0.0,0.04337705903942446
5.0,94.0,0.0,1.0,0.0,0.0,0.0,0.04402632704290518
4.0,95.0,0.0,1.0,0.0,0.0,0.0,0.044693423595692915
3.0,96.0,0.0,1.0,0.0,0.0,0.0,0.04520167948813614
2.0,97.0,0.0,1.0,0.0,0.0,0.0,0.04594366150500667
2.0,97.0,1.0,0.0,0.0,0.0,0.0,0.048237162752979686
2.0,96.0,1.0,1.0,0.0,0.0,0.0,0.05730110373139386
1.0,97.0,1.0,1.0,0.0,0.0,0.0,0.05922758257377967
0.0,98.0,1.0,1.0,0.0,0.0,0.0,0.06975533666516628
0.0,97.0,1.0,2.0,0.0,0.0,0.0,0.0748379353780317
0.0,97.0,2.0,1.0,0.0,0.0,0.0,0.08121598052998127
0.0,97.0,3.0,0.0,0.0,0.0,0.0,0.0830371322505094
0.0,96.0,3.0,1.0,0.0,0.0,0.0,0.08802050789319792
0.0,95.0,3.0,2.0,0.0,0.0,0.0,0.0885836069536883
0.0,94.0,3.0,3.0,0.0,0.0,0.0,0.08894824602674972
0.0,93.0,3.0,4.0,0.0,0.0,0.0,0.08936588597598279
0.0,92.0,3.0,5.0,0.0,0.0,0.0,0.09075913490918212
0.0,91.0,3.0,6.0,0.0,0.0,0.0,0.0918967931084635
0.0,90.0,3.0,7.0,0.0,0.0,0.0,0.09604529499197224
0.0,89.0,3.0,8.0,0.0,0.0,0.0,0.10419403223551535
0.0,88.0,3.0,9.0,0.0,0.0,0.0,0.11529980606964586
0.0,87.0,3.0,10.0,0.0,0.0,0.0,0.12066811167622461
0.0,86.0,3.0,11.0,0.0,0.0,0.0,0.12278705109808502
0.0,85.0,3.0,12.0,0.0,0.0,0.0,0.12421015134229811
0.0,84.0,3.0,13.0,0.0,0.0,0.0,0.12579071734495248
0.0,83.0,3.0,14.0,0.0,0.0,0.0,0.12921807245646916
0.0,82.0,3.0,15.0,0.0,0.0,0.0,0.1302740874865674
0.0,81.0,3.0,16.0,0.0,0.0,0.0,0.13202529198754723
0.0,80.0,3.0,17.0,0.0,0.0,0.0,0.13233852686610378
0.0,79.0,3.0,18.0,0.0,0.0,0.0,0.13345935261480268
0.0,78.0,3.0,19.0,0.0,0.0,0.0,0.13418127027067858
0.0,77.0,3.0,20.0,0.0,0.0,0.0,0.1341988533066535
0.0,76.0,3.0,21.0,0.0,0.0,0.0,0.13431701999632903
0.0,76.0,4.0,20.0,0.0,0.0,0.0,0.13544298482917155
0.0,75.0,4.0,21.0,0.0,0.0,0.0,0.13588705266293474
0.0,74.0,4.0,22.0,0.0,0.0,0.0,0.13619039668386876
0.0,74.0,5.0,21.0,0.0,0.0,0.0,0.14051587591516282
0.0,74.0,6.0,20.0,0.0,0.0,0.0,0.14149599134746307
0.0,73.0,6.0,21.0,0.0,0.0,0.0,0.14405364776480103
0.0,72.0,6.0,22.0,0.0,0.0,0.0,0.14492990291004046
0.0,71.0,6.0,23.0,0.0,0.0,0.0,0.14509666330201776
0.0,70.0,6.0,24.0,0.0,0.0,0.0,0.1459117186168488
0.0,69.0,6.0,25.0,0.0,0.0,0.0,0.1460966713093972
0.0,68.0,6.0,26.0,0.0,0.0,0.0,0.14722863345727377
0.0,68.0,7.0,25.0,0.0,0.0,0.0,0.1481314164213515
0.0,67.0,7.0,26.0,0.0,0.0,0.0,0.14973537115301905
0.0,67.0,8.0,25.0,0.0,0.0,0.0,0.15651614046098697
0.0,66.0,8.0,26.0,0.0,0.0,0.0,0.156637300577967
0.0,65.0,8.0,27.0,0.0,0.0,0.0,0.15924145319181432
0.0,64.0,8.0,28.0,0.0,0.0,0.0,0.1597091207431112
0.0,63.0,8.0,29.0,0.0,0.0,0.0,0.16045743038276852
0.0,62.0,8.0,30.0,0.0,0.0,0.0,0.16065091957427205
0.0,61.0,8.0,31.0,0.0,0.0,0.0,0.16121775257750048
0.0,60.0,8.0,32.0,0.0,0.0,0.0,0.16583022691714794
0.0,59.0,8.0,33.0,0.0,0.0,0.0,0.16586568820891742
0.0,58.0,8.0,34.0,0.0,0.0,0.0,0.1678674758572024
0.0,58.0,9.0,33.0,0.0,0.0,0.0,0.16931861670499448
0.0,57.0,9.0,34.0,0.0,0.0,0.0,0.1702684586099086
0.0,56.0,9.0,35.0,0.0,0.0,0.0,0.17049587556809725
0.0,55.0,9.0,36.0,0.0,0.0,0.0,0.1707179438202817
0.0,55.0,10.0,35.0,0.0,0.0,0.0,0.17091380825422225
0.0,54.0,10.0,36.0,0.0,0.0,0.0,0.17156571053479663
0.0,53.0,10.0,37.0,0.0,0.0,0.0,0.17184856175933272
0.0,52.0,10.0,38.0,0.0,0.0,0.0,0.17441904892170762
0.0,51.0,10.0,39.0,0.0,0.0,0.0,0.17459603088322864
0.0,50.0,10.0,40.0,0.0,0.0,0.0,0.1753259493600216
0.0,50.0,11.0,39.0,0.0,0.0,0.0,0.17573058511278142
0.0,49.0,11.0,40.0,0.0,0.0,0.0,0.1757366002242739
0.0,48.0,11.0,41.0,0.0,0.0,0.0,0.17737979551409305
0.0,47.0,11.0,42.0,0.0,0.0,0.0,0.17852399148428952
0.0,46.0,11.0,43.0,0.0,0.0,0.0,0.17932762958413248
0.0,45.0,11.0,44.0,0.0,0.0,0.0,0.1794469912113993
0.0,44.0,11.0,45.0,0.0,0.0,0.0,0.17992735942631538
0.0,43.0,11.0,46.0,0.0,0.0,0.0,0.18000941165937262
0.0,42.0,11.0,47.0,0.0,0.0,0.0,0.18011956583154345
0.0,42.0,12.0,46.0,0.0,0.0,0.0,0.18125073827526203
0.0,42.0,13.0,45.0,0.0,0.0,0.0,0.18197769709499784
0.0,41.0,13.0,46.0,0.0,0.0,0.0,0.18252427968710663
0.0,40.0,13.0,47.0,0.0,0.0,0.0,0.18268247000881616
0.0,39.0,13.0,48.0,0.0,0.0,0.0,0.18307387767044064
0.0,39.0,14.0,47.0,0.0,0.0,0.0,0.18419798640996743
0.0,39.0,15.0,46.0,0.0,0.0,0.0,0.1865426980110349
0.0,38.0,15.0,47.0,0.0,0.0,0.0,0.18864441914157734
0.0,37.0,15.0,48.0,0.0,0.0,0.0,0.1890143393973782
0.0,36.0,15.0,49.0,0.0,0.0,0.0,0.1891682726890108
0.0,35.0,15.0,50.0,0.0,0.0,0.0,0.1907650577128544
0.0,35.0,16.0,49.0,0.0,0.0,0.0,0.1930465502492658
0.0,34.0,16.0,50.0,0.0,0.0,0.0,0.19326755486276395
0.0,34.0,17.0,49.0,0.0,0.0,0.0,0.19503057502508697
0.0,33.0,17.0,50.0,0.0,0.0,0.0,0.1972936288382432
0.0,33.0,16.0,50.0,0.0,0.0,1.0,0.1981806096693198
0.0,33.0,17.0,49.0,0.0,0.0,1.0,0.19926187084787939
0.0,32.0,17.0,50.0,0.0,0.0,1.0,0.19997919601050584
0.0,31.0,17.0,51.0,0.0,0.0,1.0,0.2004731814386517
0.0,30.0,17.0,52.0,0.0,0.0,1.0,0.20319879816136238
0.0,29.0,17.0,53.0,0.0,0.0,1.0,0.20407123079780698
0.0,29.0,18.0,52.0,0.0,0.0,1.0,0.2043198789490326
0.0,28.0,18.0,53.0,0.0,0.0,1.0,0.20436041700915172
0.0,28.0,19.0,52.0,0.0,0.0,1.0,0.20593699667525756
0.0,27.0,19.0,53.0,0.0,0.0,1.0,0.20681062364108171
0.0,26.0,19.0,54.0,0.0,0.0,1.0,0.20715062912232554
0.0,26.0,20.0,53.0,0.0,0.0,1.0,0.20773978313481006
0.0,25.0,20.0,54.0,0.0,0.0,1.0,0.20891156286622328
0.0,25.0,21.0,53.0,0.0,0.0,1.0,0.20972931858824934
0.0,25.0,22.0,52.0,0.0,0.0,1.0,0.21012163006415163
0.0,24.0,22.0,53.0,0.0,0.0,1.0,0.2123576154749099
0.0,23.0,22.0,54.0,0.0,0.0,1.0,0.2140738186273621
0.0,22.0,22.0,55.0,0.0,0.0,1.0,0.21615601068969026
0.0,21.0,22.0,56.0,0.0,0.0,1.0,0.21941538574025804
0.0,21.0,23.0,55.0,0.0,0.0,1.0,0.22056441998271487
0.0,20.0,23.0,56.0,0.0,0.0,1.0,0.22224395464031527
0.0,20.0,24.0,55.0,0.0,0.0,1.0,0.22318858463190763
0.0,19.0,24.0,56.0,0.0,0.0,1.0,0.22436647391013131
0.0,18.0,24.0,57.0,0.0,0.0,1.0,0.22630513164196908
0.0,17.0,24.0,58.0,0.0,0.0,1.0,0.22831211408822408
0.0,17.0,25.0,57.0,0.0,0.0,1.0,0.22914604296646082
0.0,16.0,25.0,58.0,0.0,0.0,1.0,0.23062100598897808
0.0,15.0,25.0,59.0,0.0,0.0,1.0,0.23206559570357563
0.0,14.0,25.0,60.0,0.0,0.0,1.0,0.23359371474134014
0.0,13.0,25.0,61.0,0.0,0.0,1.0,0.2338236571829567
0.0,12.0,25.0,62.0,0.0,0.0,1.0,0.23409674557290697
0.0,11.0,25.0,63.0,0.0,0.0,1.0,0.2347102840326277
0.0,11.0,26.0,62.0,0.0,0.0,1.0,0.23679896896933747
0.0,10.0,26.0,63.0,0.0,0.0,1.0,0.23742491488140813
0.0,10.0,27.0,62.0,0.0,0.0,1.0,0.2388401421557416
0.0,9.0,27.0,63.0,0.0,0.0,1.0,0.23953017939156626
0.0,9.0,28.0,62.0,0.0,0.0,1.0,0.24023112506717836
0.0,8.0,28.0,63.0,0.0,0.0,1.0,0.24384160500962282
0.0,8.0,29.0,62.0,0.0,0.0,1.0,0.2443700431258576
0.0,7.0,29.0,63.0,0.0,0.0,1.0,0.2510086633220721
0.0,6.0,29.0,64.0,0.0,0.0,1.0,0.25236079983260995
0.0,6.0,30.0,63.0,0.0,0.0,1.0,0.2534301381060332
0.0,6.0,31.0,62.0,0.0,0.0,1.0,0.25432430155455726
0.0,5.0,31.0,63.0,0.0,0.0,1.0,0.2548058339158911
0.0,5.0,32.0,62.0,0.0,0.0,1.0,0.25735628850742803
0.0,4.0,32.0,63.0,0.0,0.0,1.0,0.26139095277284025
0.0,3.0,32.0,64.0,0.0,0.0,1.0,0.2622878141889963
0.0,3.0,33.0,63.0,0.0,0.0,1.0,0.2624161861270608
0.0,2.0,33.0,64.0,0.0,0.0,1.0,0.266732563310654
0.0,2.0,34.0,63.0,0.0,0.0,1.0,0.2720448302373725
0.0,2.0,35.0,62.0,0.0,0.0,1.0,0.27554815064381466
0.0,1.0,35.0,63.0,0.0,0.0,1.0,0.27716200127989565
0.0,1.0,36.0,62.0,0.0,0.0,1.0,0.27745856981796485
0.0,1.0,37.0,61.0,0.0,0.0,1.0,0.28011474538149583
0.0,1.0,38.0,60.0,0.0,0.0,1.0,0.2802109966588372
0.0,0.0,38.0,61.0,0.0,0.0,1.0,0.28518470577478366
0.0,0.0,39.0,60.0,0.0,0.0,1.0,0.2856247369194932
0.0,0.0,40.0,59.0,0.0,0.0,1.0,0.2876341520338889
0.0,0.0,41.0,58.0,0.0,0.0,1.0,0.2889560160367993
0.0,0.0,42.0,57.0,0.0,0.0,1.0,0.290744929569698
0.0,0.0,43.0,56.0,0.0,0.0,1.0,0.2926101263716512
0.0,0.0,44.0,55.0,0.0,0.0,1.0,0.29453811188278173
0.0,0.0,45.0,54.0,0.0,0.0,1.0,0.29514053455582
0.0,0.0,46.0,53.0,0.0,0.0,1.0,0.3071573098553523
0.0,0.0,47.0,52.0,0.0,0.0,1.0,0.30839149133543076
0.0,0.0,46.0,52.0,0.0,0.0,2.0,0.31111541179330865
0.0,0.0,47.0,51.0,0.0,0.0,2.0,0.32391023303332234
0.0,0.0,48.0,50.0,0.0,0.0,2.0,0.3367392036646878
0.0,0.0,49.0,49.0,0.0,0.0,2.0,0.3446137794262236
0.0,0.0,50.0,48.0,0.0,0.0,2.0,0.34649589661768293
0.0,0.0,51.0,47.0,0.0,0.0,2.0,0.3550814102941072
0.0,0.0,52.0,46.0,0.0,0.0,2.0,0.35686176809492703
0.0,0.0,53.0,45.0,0.0,0.0,2.0,0.3592272741127965
0.0,0.0,52.0,45.0,0.0,0.0,3.0,0.35958800086787795
0.0,0.0,51.0,45.0,0.0,0.0,4.0,0.3607238200524079
0.0,0.0,50.0,45.0,0.0,0.0,5.0,0.36695128517957987
0.0,0.0,51.0,44.0,0.0,0.0,5.0,0.3795238553157138
0.0,0.0,52.0,43.0,0.0,0.0,5.0,0.3818721200122466
0.0,0.0,53.0,42.0,0.0,0.0,5.0,0.3888685657129976
0.0,0.0,54.0,41.0,0.0,0.0,5.0,0.4059006851705831
0.0,0.0,55.0,40.0,0.0,0.0,5.0,0.4146083843674022
0.0,0.0,54.0,40.0,0.0,0.0,6.0,0.4164682252444663
0.0,0.0,55.0,39.0,0.0,0.0,6.0,0.42823051489539055
0.0,0.0,56.0,38.0,0.0,0.0,6.0,0.433242760551739
0.0,0.0,57.0,37.0,0.0,0.0,6.0,0.4404875656931293
0.0,0.0,58.0,36.0,0.0,0.0,6.0,0.4415731266565754
0.0,0.0,59.0,35.0,0.0,0.0,6.0,0.4423927779982194
0.0,0.0,58.0,35.0,0.0,0.0,7.0,0.44889588830475385
0.0,0.0,59.0,34.0,0.0,0.0,7.0,0.45102809063289223
0.0,0.0,60.0,33.0,0.0,0.0,7.0,0.4535723242894828
0.0,0.0,61.0,32.0,0.0,0.0,7.0,0.45402038679787937
0.0,0.0,60.0,32.0,0.0,0.0,8.0,0.45577856752923496
0.0,0.0,61.0,31.0,0.0,0.0,8.0,0.4704313850940287
0.0,0.0,62.0,30.0,0.0,0.0,8.0,0.47898548470216373
0.0,0.0,63.0,29.0,0.0,0.0,8.0,0.4835043239160456
0.0,0.0,62.0,29.0,0.0,0.0,9.0,0.4886107625971105
0.0,0.0,63.0,28.0,0.0,0.0,9.0,0.48934092715807137
0.0,0.0,62.0,28.0,0.0,0.0,10.0,0.4972420011487132
0.0,0.0,63.0,27.0,0.0,0.0,10.0,0.5080056872402066
0.0,0.0,62.0,27.0,0.0,0.0,11.0,0.5103277006278248
0.0,0.0,61.0,27.0,0.0,0.0,12.0,0.5125580928153907
0.0,0.0,62.0,26.0,0.0,0.0,12.0,0.5163674500086517
0.0,0.0,63.0,25.0,0.0,0.0,12.0,0.5166032050537437
0.0,0.0,62.0,25.0,0.0,0.0,13.0,0.5288075951133769
0.0,0.0,63.0,24.0,0.0,0.0,13.0,0.539515509791712
0.0,0.0,64.0,23.0,0.0,0.0,13.0,0.5417534630823372
0.0,0.0,65.0,22.0,0.0,0.0,13.0,0.5497020090586497
0.0,0.0,66.0,21.0,0.0,0.0,13.0,0.5546797510206668
0.0,0.0,67.0,20.0,0.0,0.0,13.0,0.5681648235221564
0.0,0.0,68.0,19.0,0.0,0.0,13.0,0.5700042193437506
0.0,0.0,69.0,18.0,0.0,0.0,13.0,0.5700054558787989
0.0,0.0,70.0,17.0,0.0,0.0,13.0,0.5820775187333256
0.0,0.0,71.0,16.0,0.0,0.0,13.0,0.5887625166301256
0.0,0.0,72.0,15.0,0.0,0.0,13.0,0.5916407986839456
0.0,0.0,73.0,14.0,0.0,0.0,13.0,0.5978181623727465
0.0,0.0,72.0,14.0,0.0,0.0,14.0,0.6000010829358694
0.0,0.0,73.0,13.0,0.0,0.0,14.0,0.603287624233097
0.0,0.0,74.0,12.0,0.0,0.0,14.0,0.6097075702010067
0.0,0.0,75.0,11.0,0.0,0.0,14.0,0.6180225637769061
0.0,0.0,74.0,11.0,0.0,0.0,15.0,0.6192731575798615
0.0,0.0,75.0,10.0,0.0,0.0,15.0,0.6386982918768701
0.0,0.0,74.0,10.0,0.0,0.0,16.0,0.647657401670326
0.0,0.0,75.0,9.0,0.0,0.0,16.0,0.6765415333685242
0.0,0.0,76.0,8.0,0.0,0.0,16.0,0.6771914240684704
0.0,0.0,75.0,8.0,0.0,0.0,17.0,0.6829085147697838
0.0,0.0,76.0,7.0,0.0,0.0,17.0,0.693124036293729
0.0,0.0,75.0,7.0,0.0,0.0,18.0,0.7100854700700466
0.0,0.0,76.0,6.0,0.0,0.0,18.0,0.7505383634864843
0.0,0.0,75.0,6.0,0.0,0.0,19.0,0.7516008364780573
0.0,0.0,74.0,6.0,0.0,0.0,20.0,0.7545554099937957
0.0,0.0,75.0,5.0,0.0,0.0,20.0,0.756110424449553
0.0,0.0,76.0,4.0,0.0,0.0,20.0,0.7671231014243557
0.0,0.0,75.0,4.0,0.0,0.0,21.0,0.7771023397540613
0.0,0.0,74.0,4.0,0.0,0.0,22.0,0.7857532762874235
0.0,0.0,73.0,4.0,0.0,0.0,23.0,0.8200670123836054
0.0,0.0,72.0,4.0,0.0,0.0,24.0,0.8224858049496294
0.0,0.0,71.0,4.0,0.0,0.0,25.0,0.8320864246393279
0.0,0.0,70.0,4.0,0.0,0.0,26.0,0.8360581612346202
0.0,0.0,69.0,4.0,0.0,0.0,27.0,0.8390283287206757
0.0,0.0,68.0,4.0,0.0,0.0,28.0,0.8430487370603967
0.0,0.0,67.0,4.0,0.0,0.0,29.0,0.8459124878533267
0.0,0.0,66.0,4.0,0.0,0.0,30.0,0.8734996194875136
0.0,0.0,65.0,4.0,0.0,0.0,31.0,0.8842576150487335
0.0,0.0,64.0,4.0,0.0,0.0,32.0,0.8924952132927002
0.0,0.0,63.0,4.0,0.0,0.0,33.0,0.9155374559017393
0.0,0.0,62.0,4.0,0.0,0.0,34.0,0.9281082910951772
0.0,0.0,61.0,4.0,0.0,0.0,35.0,0.9339989781192283
0.0,0.0,60.0,4.0,0.0,0.0,36.0,0.956566204957434
0.0,0.0,59.0,4.0,0.0,0.0,37.0,0.9571177133643438
0.0,0.0,58.0,4.0,0.0,0.0,38.0,0.9661890201761567
0.0,0.0,57.0,4.0,0.0,0.0,39.0,0.9829330944104163
0.0,0.0,58.0,3.0,0.0,0.0,39.0,1.0307997033593637
0.0,0.0,57.0,3.0,0.0,0.0,40.0,1.0325511382098296
0.0,0.0,58.0,2.0,0.0,0.0,40.0,1.0353485563652378
0.0,0.0,57.0,2.0,0.0,0.0,41.0,1.0507589488102578
0.0,0.0,58.0,1.0,0.0,0.0,41.0,1.0531077632096966
0.0,0.0,57.0,1.0,0.0,0.0,42.0,1.0751772947693834
0.0,0.0,56.0,1.0,0.0,0.0,43.0,1.1109602275805333
0.0,0.0,55.0,1.0,0.0,0.0,44.0,1.1122429654995964
0.0,0.0,54.0,1.0,0.0,0.0,45.0,1.1136306028003953
0.0,0.0,53.0,1.0,0.0,0.0,46.0,1.1184812869442586
0.0,0.0,52.0,1.0,0.0,0.0,47.0,1.1226084943094294
0.0,0.0,51.0,1.0,0.0,0.0,48.0,1.1431851171725251
0.0,0.0,50.0,1.0,0.0,0.0,49.0,1.2224067740480784
0.0,0.0,49.0,1.0,0.0,0.0,50.0,1.2246259510487723
0.0,0.0,48.0,1.0,0.0,0.0,51.0,1.2322592875230647
0.0,0.0,47.0,1.0,0.0,0.0,52.0,1.232754786406393
0.0,0.0,46.0,1.0,0.0,0.0,53.0,1.2722948231708648
0.0,0.0,45.0,1.0,0.0,0.0,54.0,1.2776862249376022
0.0,0.0,44.0,1.0,0.0,0.0,55.0,1.2923385233838403
0.0,0.0,43.0,1.0,0.0,0.0,56.0,1.3009927792909057
0.0,0.0,42.0,1.0,0.0,0.0,57.0,1.3100809443817778
0.0,0.0,41.0,1.0,0.0,0.0,58.0,1.321441326229139
0.0,0.0,40.0,1.0,0.0,0.0,59.0,1.3430082615568564
0.0,0.0,39.0,1.0,0.0,0.0,60.0,1.3491442413300265
0.0,0.0,38.0,1.0,0.0,0.0,61.0,1.36129638427252
0.0,0.0,37.0,1.0,0.0,0.0,62.0,1.3682918452009325
0.0,0.0,36.0,1.0,0.0,0.0,63.0,1.4018629555254194
0.0,0.0,35.0,1.0,0.0,0.0,64.0,1.4309602356989062
0.0,0.0,34.0,1.0,0.0,0.0,65.0,1.4436259755802856
0.0,0.0,33.0,1.0,0.0,0.0,66.0,1.457948061582501
0.0,0.0,32.0,1.0,0.0,0.0,67.0,1.460471007797962
0.0,0.0,31.0,1.0,0.0,0.0,68.0,1.487840451569511
0.0,0.0,32.0,0.0,0.0,0.0,68.0,1.4938770346313524
0.0,0.0,31.0,0.0,0.0,0.0,69.0,1.5155610436667892
0.0,0.0,30.0,0.0,0.0,0.0,70.0,1.6522409859175013
0.0,0.0,29.0,0.0,0.0,0.0,71.0,1.6720940366879118
0.0,0.0,28.0,0.0,0.0,0.0,72.0,1.6877076209881272
0.0,0.0,27.0,0.0,0.0,0.0,73.0,1.715250422393896
0.0,0.0,26.0,0.0,0.0,0.0,74.0,1.7183143969341828
0.0,0.0,25.0,0.0,0.0,0.0,75.0,1.7362506446431207
0.0,0.0,24.0,0.0,0.0,0.0,76.0,1.7655683857757336
0.0,0.0,23.0,0.0,0.0,0.0,77.0,1.8185114264479658
0.0,0.0,22.0,0.0,0.0,0.0,78.0,1.8421388700266046
0.0,0.0,21.0,0.0,0.0,0.0,79.0,1.8775678551570403
0.0,0.0,20.0,0.0,0.0,0.0,80.0,2.047601058406111
0.0,0.0,19.0,0.0,0.0,0.0,81.0,2.1712898099003755
0.0,0.0,18.0,0.0,0.0,0.0,82.0,2.183641426802082
0.0,0.0,17.0,0.0,0.0,0.0,83.0,2.2484380162228517
0.0,0.0,16.0,0.0,0.0,0.0,84.0,2.3475731979415864
0.0,0.0,15.0,0.0,0.0,0.0,85.0,2.456502008768151
0.0,0.0,14.0,0.0,0.0,0.0,86.0,2.4614972576029364
0.0,0.0,13.0,0.0,0.0,0.0,87.0,2.463369509771327
0.0,0.0,12.0,0.0,0.0,0.0,88.0,2.4929835596702956
0.0,0.0,11.0,0.0,0.0,0.0,89.0,2.493364870525153
0.0,0.0,10.0,0.0,0.0,0.0,90.0,2.5147994025912292
0.0,0.0,9.0,0.0,0.0,0.0,91.0,2.5412332026415063
0.0,0.0,8.0,0.0,0.0,0.0,92.0,2.70591279399456
0.0,0.0,7.0,0.0,0.0,0.0,93.0,2.929125410267467
0.0,0.0,6.0,0.0,0.0,0.0,94.0,3.2533452047874314
0.0,0.0,5.0,0.0,0.0,0.0,95.0,3.357442506253381
0.0,0.0,4.0,0.0,0.0,0.0,96.0,3.4590984019383466
0.0,0.0,3.0,0.0,0.0,0.0,97.0,3.540694279302072
0.0,0.0,2.0,0.0,0.0,0.0,98.0,3.992482481790481
0.0,0.0,1.0,0.0,0.0,0.0,99.0,4.441847639637938
0.0,0.0,0.0,0.0,0.0,0.0,100.0,6.518926855693563
